------------------------------------------------
Test data in: window
Number:  0
greedy
[-377.1559753417969, -383.7655029296875, -400.143798828125, -389.583251953125, -465.49896240234375, -321.27105712890625, -328.3724365234375, -342.5251159667969, -421.36871337890625, -394.75396728515625] [-377.1559753417969, -383.7655029296875, -400.143798828125, -389.583251953125, -465.49896240234375, -321.27105712890625, -328.3724365234375, -342.5251159667969, -421.36871337890625, -394.75396728515625]
Number:  1
greedy
[-399.03631591796875, -427.83074951171875, -330.5682678222656, -420.9053955078125, -364.490234375, -404.15185546875, -328.8670959472656, -410.5368957519531, -454.336669921875, -452.3539123535156] [-376.9022521972656, -314.2637939453125, -352.5101623535156, -311.6037902832031, -279.3193359375, -332.53680419921875, -332.8006286621094, -362.5733337402344, -363.7852783203125, -312.6767883300781]
Number:  2
greedy
[-454.4805603027344, -490.8963623046875, -413.0549011230469, -382.7450866699219, -491.5820617675781, -523.1784057617188, -488.5151062011719, -525.670166015625, -524.6849975585938, -499.60693359375] [-454.4805603027344, -490.8963623046875, -413.0549011230469, -382.7450866699219, -491.5820617675781, -523.1784057617188, -488.5151062011719, -525.670166015625, -524.6849975585938, -499.60693359375]
Number:  3
greedy
[-410.2559509277344, -292.14605712890625, -385.648193359375, -256.8694763183594, -316.91815185546875, -317.9228820800781, -467.98193359375, -337.6835021972656, -402.1471252441406, -259.7541198730469] [-410.2559509277344, -292.14605712890625, -385.648193359375, -256.8694763183594, -316.91815185546875, -317.9228820800781, -467.98193359375, -337.6835021972656, -402.1471252441406, -259.7541198730469]
Number:  4
greedy
[-504.58795166015625, -407.6669921875, -392.2859802246094, -525.0807495117188, -553.6553344726562, -484.94342041015625, -644.1277465820312, -453.38287353515625, -395.2856750488281, -412.4090576171875] [-504.58795166015625, -407.6669921875, -392.2859802246094, -525.0807495117188, -553.6553344726562, -484.94342041015625, -644.1277465820312, -453.38287353515625, -395.2856750488281, -412.4090576171875]
Number:  5
greedy
[-338.56658935546875, -421.8847351074219, -299.1385498046875, -417.64208984375, -337.97210693359375, -297.12322998046875, -486.15911865234375, -320.9604187011719, -272.9189147949219, -305.2381591796875] [-338.56658935546875, -421.8847351074219, -299.1385498046875, -417.64208984375, -337.97210693359375, -297.12322998046875, -486.15911865234375, -320.9604187011719, -272.9189147949219, -305.2381591796875]
Number:  6
greedy
[-281.93017578125, -322.7830810546875, -292.9576416015625, -232.0857391357422, -309.8788146972656, -252.68759155273438, -403.8440246582031, -296.9288024902344, -320.44793701171875, -327.64990234375] [-281.93017578125, -322.7830810546875, -292.9576416015625, -232.0857391357422, -309.8788146972656, -252.68759155273438, -403.8440246582031, -296.9288024902344, -320.44793701171875, -327.64990234375]
Number:  7
greedy
[-391.8489074707031, -326.9929504394531, -381.18731689453125, -332.1059265136719, -404.8919982910156, -378.77874755859375, -337.1591491699219, -354.0130310058594, -343.13934326171875, -418.83148193359375] [-391.8489074707031, -326.9929504394531, -381.18731689453125, -332.1059265136719, -404.8919982910156, -378.77874755859375, -337.1591491699219, -354.0130310058594, -343.13934326171875, -418.83148193359375]
Number:  8
greedy
[-443.547607421875, -408.0235900878906, -575.13037109375, -358.5583801269531, -395.5321044921875, -443.1815185546875, -524.577392578125, -388.4100646972656, -479.38470458984375, -751.7550659179688] [-415.3157958984375, -475.793701171875, -488.468994140625, -434.8282165527344, -426.927978515625, -459.28240966796875, -388.5142822265625, -507.3058166503906, -470.39031982421875, -425.8147277832031]
Number:  9
greedy
[-573.7608032226562, -514.9002075195312, -510.4436950683594, -532.5262451171875, -622.7683715820312, -585.6299438476562, -497.83514404296875, -541.6583251953125, -560.7255859375, -508.9235534667969] [-573.7608032226562, -514.9002075195312, -510.4436950683594, -532.5262451171875, -622.7683715820312, -585.6299438476562, -497.83514404296875, -541.6583251953125, -560.7255859375, -508.9235534667969]
------------------------------------------------
Test data in: table
Number:  0
greedy
[-531.2119140625, -409.59429931640625, -402.8067626953125, -437.19708251953125, -462.9474182128906, -487.52606201171875, -497.7884216308594, -413.1053466796875, -369.4527282714844, -583.1799926757812] [-464.3926086425781, -323.14190673828125, -469.624267578125, -415.696533203125, -455.3577880859375, -463.3107604980469, -411.8639831542969, -426.9761047363281, -353.5326843261719, -499.33526611328125]
Number:  1
greedy
[-391.9422302246094, -431.2225646972656, -371.223388671875, -435.2950439453125, -410.4276428222656, -411.7230224609375, -496.6432800292969, -427.14190673828125, -478.0115966796875, -455.4541015625] [-391.9422302246094, -431.2225646972656, -371.223388671875, -435.2950439453125, -410.4276428222656, -411.7230224609375, -496.6432800292969, -427.14190673828125, -478.0115966796875, -455.4541015625]
Number:  2
greedy
[-484.3492431640625, -468.8123779296875, -443.8159484863281, -557.77001953125, -500.9490051269531, -570.2516479492188, -502.2611083984375, -653.0801391601562, -654.3621215820312, -496.7361755371094] [-484.3492431640625, -468.8123779296875, -443.8159484863281, -557.77001953125, -500.9490051269531, -570.2516479492188, -502.2611083984375, -653.0801391601562, -654.3621215820312, -496.7361755371094]
Number:  3
greedy
[-379.1337890625, -327.1990051269531, -283.30810546875, -371.52886962890625, -294.21905517578125, -378.61566162109375, -324.1373291015625, -374.73626708984375, -441.2555236816406, -467.778076171875] [-379.1337890625, -327.1990051269531, -283.30810546875, -371.52886962890625, -294.21905517578125, -378.61566162109375, -324.1373291015625, -374.73626708984375, -441.2555236816406, -467.778076171875]
Number:  4
greedy
[-427.243896484375, -515.8121948242188, -440.83734130859375, -463.860107421875, -395.8283996582031, -472.4939880371094, -393.26312255859375, -373.20001220703125, -436.8149719238281, -411.4822692871094] [-427.243896484375, -515.8121948242188, -440.83734130859375, -463.860107421875, -395.8283996582031, -472.4939880371094, -393.26312255859375, -373.20001220703125, -436.8149719238281, -411.4822692871094]
Number:  5
greedy
[-332.5361633300781, -280.30145263671875, -330.7258605957031, -350.7735595703125, -320.1657409667969, -353.3100891113281, -325.2344055175781, -285.4878234863281, -307.4602355957031, -301.78741455078125] [-332.5361633300781, -280.30145263671875, -330.7258605957031, -350.7735595703125, -320.1657409667969, -353.3100891113281, -325.2344055175781, -285.4878234863281, -307.4602355957031, -301.78741455078125]
Number:  6
greedy
[-542.2588500976562, -595.788330078125, -531.49169921875, -520.4002685546875, -482.72247314453125, -568.7230834960938, -645.0003662109375, -583.378662109375, -487.22869873046875, -457.5867919921875] [-542.2588500976562, -595.788330078125, -531.49169921875, -520.4002685546875, -482.72247314453125, -568.7230834960938, -645.0003662109375, -583.378662109375, -487.22869873046875, -457.5867919921875]
Number:  7
greedy
[-376.82916259765625, -407.510009765625, -460.6882629394531, -491.5380859375, -395.9089050292969, -473.48150634765625, -458.5374755859375, -428.56439208984375, -330.53399658203125, -355.2371826171875] [-131.47158813476562, -104.97468566894531, -99.42900085449219, -119.14315795898438, -111.11825561523438, -124.33985900878906, -98.91708374023438, -140.83773803710938, -100.2617416381836, -132.1274871826172]
Number:  8
greedy
[-384.76934814453125, -425.0396423339844, -443.5191955566406, -597.1758422851562, -351.7316589355469, -358.17449951171875, -336.09234619140625, -443.4525146484375, -573.5205078125, -475.01416015625] [-384.76934814453125, -425.0396423339844, -443.5191955566406, -597.1758422851562, -351.7316589355469, -358.17449951171875, -336.09234619140625, -443.4525146484375, -573.5205078125, -475.01416015625]
Number:  9
greedy
[-197.61647033691406, -269.97515869140625, -269.80291748046875, -315.9942932128906, -283.4219970703125, -290.62481689453125, -330.9102478027344, -269.8838806152344, -320.4727478027344, -297.19415283203125] [-113.50593566894531, -119.09780883789062, -130.1497802734375, -126.89653015136719, -99.59378814697266, -129.48744201660156, -111.44062805175781, -128.64979553222656, -160.1156463623047, -105.08914184570312]
------------------------------------------------
Test data in: sign
Number:  0
greedy
[-344.103271484375, -341.15948486328125, -372.62744140625, -376.3056640625, -354.0372314453125, -463.7303466796875, -494.3927917480469, -396.2671203613281, -504.2406921386719, -344.30389404296875] [-344.103271484375, -341.15948486328125, -372.62744140625, -376.3056640625, -354.0372314453125, -463.7303466796875, -494.3927917480469, -396.2671203613281, -504.2406921386719, -344.30389404296875]
Number:  1
greedy
[-312.90118408203125, -418.1534729003906, -457.0778503417969, -331.2731018066406, -369.2818603515625, -385.62615966796875, -391.1072692871094, -429.5865783691406, -290.1075744628906, -353.51177978515625] [-333.8894348144531, -317.8200378417969, -356.5231628417969, -367.37408447265625, -315.32818603515625, -369.05535888671875, -342.17169189453125, -396.5190124511719, -317.0780029296875, -326.144775390625]
Number:  2
greedy
[-305.166015625, -322.4263610839844, -337.03045654296875, -345.34747314453125, -337.705078125, -321.42340087890625, -294.2604675292969, -339.82659912109375, -314.1727294921875, -434.55670166015625] [-305.166015625, -322.4263610839844, -337.03045654296875, -345.34747314453125, -337.705078125, -321.42340087890625, -294.2604675292969, -339.82659912109375, -314.1727294921875, -434.55670166015625]
Number:  3
greedy
[-630.6432495117188, -528.5591430664062, -422.5465393066406, -476.2220764160156, -500.59197998046875, -503.54022216796875, -534.2644653320312, -500.60791015625, -384.4765319824219, -495.228759765625] [-630.6432495117188, -528.5591430664062, -422.5465393066406, -476.2220764160156, -500.59197998046875, -503.54022216796875, -534.2644653320312, -500.60791015625, -384.4765319824219, -495.228759765625]
Number:  4
greedy
[-276.1257629394531, -435.41668701171875, -347.97509765625, -353.72540283203125, -299.41943359375, -285.0139465332031, -310.746826171875, -357.7801208496094, -336.6702575683594, -389.8333435058594] [-276.1257629394531, -435.41668701171875, -347.97509765625, -353.72540283203125, -299.41943359375, -285.0139465332031, -310.746826171875, -357.7801208496094, -336.6702575683594, -389.8333435058594]
Number:  5
greedy
[-481.8648681640625, -457.8338317871094, -401.140869140625, -463.18707275390625, -503.06402587890625, -487.5885009765625, -421.81915283203125, -392.02679443359375, -544.2724609375, -455.2145080566406] [-451.78765869140625, -386.70489501953125, -320.7518310546875, -422.38079833984375, -349.2284851074219, -376.975341796875, -389.21453857421875, -351.86669921875, -512.4853515625, -397.5826416015625]
Number:  6
greedy
[-542.9859619140625, -507.5477600097656, -476.12945556640625, -772.4804077148438, -576.3086547851562, -493.8753967285156, -553.1826782226562, -633.9191284179688, -557.6455078125, -600.5465698242188] [-312.05792236328125, -336.184326171875, -384.8589782714844, -392.5417785644531, -445.71038818359375, -383.3263244628906, -342.4400329589844, -384.517333984375, -414.3753662109375, -378.2618103027344]
Number:  7
greedy
[-313.36077880859375, -313.257568359375, -278.7545471191406, -296.24456787109375, -320.3522644042969, -264.2571716308594, -346.60491943359375, -313.05816650390625, -354.435546875, -321.257080078125] [-356.7541809082031, -437.14837646484375, -507.9886474609375, -380.37091064453125, -312.7021789550781, -403.05487060546875, -426.5099792480469, -400.4203796386719, -358.0342102050781, -323.7213134765625]
Number:  8
greedy
[-335.8376770019531, -269.5726318359375, -331.4548034667969, -314.50506591796875, -315.56011962890625, -332.1458435058594, -283.2603759765625, -362.8614501953125, -359.74163818359375, -352.0216064453125] [-433.1403503417969, -396.90325927734375, -346.92852783203125, -394.2674560546875, -420.6048583984375, -344.27130126953125, -320.1873779296875, -437.9694519042969, -524.9329223632812, -316.7957458496094]
Number:  9
greedy
[-392.2111511230469, -457.1943054199219, -335.7569274902344, -323.970458984375, -435.0077819824219, -463.3421630859375, -345.858154296875, -431.7811279296875, -732.8931274414062, -432.7963562011719] [-392.2111511230469, -457.1943054199219, -335.7569274902344, -323.970458984375, -435.0077819824219, -463.3421630859375, -345.858154296875, -431.7811279296875, -732.8931274414062, -432.7963562011719]
------------------------------------------------
Test data in: man
Number:  0
greedy
[-514.7442626953125, -417.71551513671875, -437.7347412109375, -426.37860107421875, -389.05426025390625, -369.7908935546875, -483.588623046875, -460.81829833984375, -412.997314453125, -408.8429870605469] [-514.7442626953125, -417.71551513671875, -437.7347412109375, -426.37860107421875, -389.05426025390625, -369.7908935546875, -483.588623046875, -460.81829833984375, -412.997314453125, -408.8429870605469]
Number:  1
greedy
[-378.66180419921875, -503.094482421875, -429.1948547363281, -494.8639221191406, -625.8369750976562, -448.3492736816406, -441.2014465332031, -528.3724365234375, -506.0015869140625, -387.34527587890625] [-224.10926818847656, -330.9549560546875, -238.35133361816406, -256.5732421875, -257.73486328125, -350.26837158203125, -346.93768310546875, -281.9122009277344, -278.7715148925781, -218.06253051757812]
Number:  2
greedy
[-449.8340148925781, -395.4164733886719, -309.5239562988281, -274.4948425292969, -369.4953918457031, -306.13214111328125, -354.12506103515625, -323.85211181640625, -373.5778503417969, -344.3065185546875] [-449.8340148925781, -395.4164733886719, -309.5239562988281, -274.4948425292969, -369.4953918457031, -306.13214111328125, -354.12506103515625, -323.85211181640625, -373.5778503417969, -344.3065185546875]
Number:  3
greedy
[-428.1226806640625, -333.2117919921875, -729.2942504882812, -411.0841064453125, -366.33447265625, -381.99420166015625, -339.6528015136719, -374.0245056152344, -364.6185607910156, -392.0103454589844] [-428.1226806640625, -333.2117919921875, -729.2942504882812, -411.0841064453125, -366.33447265625, -381.99420166015625, -339.6528015136719, -374.0245056152344, -364.6185607910156, -392.0103454589844]
Number:  4
greedy
[-360.35809326171875, -315.7302551269531, -368.0965881347656, -490.1755065917969, -685.467041015625, -409.70794677734375, -540.2814331054688, -497.1510314941406, -440.9526062011719, -467.73406982421875] [-360.35809326171875, -315.7302551269531, -368.0965881347656, -490.1755065917969, -685.467041015625, -409.70794677734375, -540.2814331054688, -497.1510314941406, -440.9526062011719, -467.73406982421875]
Number:  5
greedy
[-447.41229248046875, -459.42132568359375, -620.6546020507812, -363.3709411621094, -443.4570617675781, -443.75360107421875, -472.66650390625, -387.1212158203125, -542.95751953125, -535.6524658203125] [-447.41229248046875, -459.42132568359375, -620.6546020507812, -363.3709411621094, -443.4570617675781, -443.75360107421875, -472.66650390625, -387.1212158203125, -542.95751953125, -535.6524658203125]
Number:  6
greedy
[-268.4295959472656, -272.84783935546875, -248.17214965820312, -277.5462341308594, -311.32012939453125, -304.92333984375, -350.18182373046875, -306.3991394042969, -265.1508483886719, -245.38502502441406] [-484.7901611328125, -610.61572265625, -423.39947509765625, -654.4022216796875, -500.0650939941406, -472.2811279296875, -478.93194580078125, -624.8164672851562, -612.3992919921875, -546.06396484375]
Number:  7
greedy
[-404.4858093261719, -346.6277770996094, -344.4438171386719, -338.6982727050781, -416.2400207519531, -335.4537353515625, -539.6527099609375, -307.25592041015625, -370.7770690917969, -553.2027587890625] [-428.44549560546875, -352.5873718261719, -497.31884765625, -381.81536865234375, -376.69329833984375, -356.11419677734375, -596.2097778320312, -442.134765625, -422.072998046875, -466.7092590332031]
Number:  8
greedy
[-284.05084228515625, -236.64334106445312, -250.04457092285156, -291.10064697265625, -325.37530517578125, -309.1936340332031, -265.1329345703125, -188.04739379882812, -277.3533630371094, -271.6123962402344] [-284.05084228515625, -236.64334106445312, -250.04457092285156, -291.10064697265625, -325.37530517578125, -309.1936340332031, -265.1329345703125, -188.04739379882812, -277.3533630371094, -271.6123962402344]
Number:  9
greedy
[-475.3499755859375, -468.61676025390625, -524.8760986328125, -596.3616943359375, -521.2424926757812, -677.4674682617188, -420.6000061035156, -491.658447265625, -728.4918823242188, -481.74365234375] [-475.3499755859375, -468.61676025390625, -524.8760986328125, -596.3616943359375, -521.2424926757812, -677.4674682617188, -420.6000061035156, -491.658447265625, -728.4918823242188, -481.74365234375]
------------------------------------------------
Test data in: sky
Number:  0
greedy
[-327.680908203125, -328.3544616699219, -327.63897705078125, -362.3006591796875, -357.367431640625, -448.48870849609375, -340.864501953125, -340.3033447265625, -394.72137451171875, -441.959228515625] [-326.3575439453125, -318.1965637207031, -282.1877136230469, -376.68853759765625, -335.89410400390625, -424.36248779296875, -333.2149658203125, -312.317626953125, -376.30694580078125, -397.1617431640625]
Number:  1
greedy
[-438.07391357421875, -640.96044921875, -636.3104858398438, -380.6207275390625, -423.1574401855469, -485.08660888671875, -454.0589904785156, -460.37518310546875, -479.5589294433594, -472.6465759277344] [-390.20355224609375, -668.725341796875, -628.3673706054688, -445.9130859375, -340.55157470703125, -365.3226318359375, -334.9446716308594, -361.9190368652344, -359.8828125, -286.8636169433594]
Number:  2
greedy
[-518.2528076171875, -470.2316589355469, -588.6195068359375, -617.671142578125, -354.6625061035156, -368.4707946777344, -623.6769409179688, -412.41754150390625, -383.1331787109375, -418.8005676269531] [-518.2528076171875, -470.2316589355469, -588.6195068359375, -617.671142578125, -354.6625061035156, -368.4707946777344, -623.6769409179688, -412.41754150390625, -383.1331787109375, -418.8005676269531]
Number:  3
greedy
[-408.7684326171875, -268.97674560546875, -453.8932800292969, -352.98345947265625, -280.6784973144531, -397.4844055175781, -327.6187744140625, -384.78131103515625, -265.83203125, -324.174072265625] [-421.5789794921875, -459.6268615722656, -830.6679077148438, -539.400146484375, -459.601318359375, -657.9791259765625, -553.6038818359375, -614.6145629882812, -515.3624877929688, -425.76318359375]
Number:  4
greedy
[-345.97332763671875, -345.9095764160156, -334.4404602050781, -451.9375305175781, -410.66607666015625, -309.31097412109375, -314.27691650390625, -390.7485656738281, -346.7078552246094, -307.5364685058594] [-345.97332763671875, -345.9095764160156, -334.4404602050781, -451.9375305175781, -410.66607666015625, -309.31097412109375, -314.27691650390625, -390.7485656738281, -346.7078552246094, -307.5364685058594]
Number:  5
greedy
[-427.8785705566406, -336.3994140625, -357.29815673828125, -305.1300048828125, -428.3393859863281, -353.1568603515625, -405.0415954589844, -347.9840087890625, -408.18304443359375, -305.1334228515625] [-547.4258422851562, -349.3545227050781, -578.2293090820312, -520.081298828125, -534.5858154296875, -800.7765502929688, -790.4322509765625, -455.2510986328125, -803.006591796875, -478.5186767578125]
Number:  6
greedy
[-751.68505859375, -905.11962890625, -711.1920166015625, -666.92626953125, -726.2196655273438, -584.4071044921875, -541.981201171875, -535.0108032226562, -626.836181640625, -770.50341796875] [-751.68505859375, -905.11962890625, -711.1920166015625, -666.92626953125, -726.2196655273438, -584.4071044921875, -541.981201171875, -535.0108032226562, -626.836181640625, -770.50341796875]
Number:  7
greedy
[-812.8892822265625, -437.120361328125, -597.7324829101562, -531.4326782226562, -967.3589477539062, -753.3582763671875, -746.7554931640625, -680.4285888671875, -935.1790161132812, -1101.52294921875] [-812.8892822265625, -437.120361328125, -597.7324829101562, -531.4326782226562, -967.3589477539062, -753.3582763671875, -746.7554931640625, -680.4285888671875, -935.1790161132812, -1101.52294921875]
Number:  8
greedy
[-398.7109375, -480.83209228515625, -417.2882080078125, -445.44012451171875, -359.05767822265625, -552.1143798828125, -526.9592895507812, -418.44036865234375, -360.994384765625, -346.22735595703125] [-643.0169067382812, -721.463623046875, -759.6038818359375, -924.5885620117188, -551.1463623046875, -664.511474609375, -720.98193359375, -506.33355712890625, -744.6171875, -715.349609375]
Number:  9
greedy
[-773.395263671875, -652.3569946289062, -925.407470703125, -397.6112060546875, -721.5130615234375, -779.5126953125, -624.2166137695312, -624.07568359375, -756.4068603515625, -690.8931884765625] [-773.395263671875, -652.3569946289062, -925.407470703125, -397.6112060546875, -721.5130615234375, -779.5126953125, -624.2166137695312, -624.07568359375, -756.4068603515625, -690.8931884765625]
------------------------------------------------
Test data in: bus
Number:  0
greedy
[-447.6202087402344, -703.6098022460938, -602.1055297851562, -634.5957641601562, -573.88525390625, -538.206787109375, -626.94921875, -689.644287109375, -680.8079223632812, -909.4315185546875] [-447.6202087402344, -703.6098022460938, -602.1055297851562, -634.5957641601562, -573.88525390625, -538.206787109375, -626.94921875, -689.644287109375, -680.8079223632812, -909.4315185546875]
Number:  1
greedy
[-424.802978515625, -389.7384033203125, -360.8431396484375, -428.36956787109375, -416.86602783203125, -479.599609375, -379.06536865234375, -420.4900207519531, -385.56134033203125, -559.8789672851562] [-424.802978515625, -389.7384033203125, -360.8431396484375, -428.36956787109375, -416.86602783203125, -479.599609375, -379.06536865234375, -420.4900207519531, -385.56134033203125, -559.8789672851562]
Number:  2
greedy
[-356.49810791015625, -372.9283447265625, -448.01568603515625, -371.890625, -490.6058349609375, -531.6622924804688, -456.7547607421875, -436.24853515625, -487.4529724121094, -449.350341796875] [-356.49810791015625, -372.9283447265625, -448.01568603515625, -371.890625, -490.6058349609375, -531.6622924804688, -456.7547607421875, -436.24853515625, -487.4529724121094, -449.350341796875]
Number:  3
greedy
[-356.635009765625, -382.0330505371094, -297.94586181640625, -274.35955810546875, -402.4685363769531, -372.9796142578125, -276.553955078125, -340.7801513671875, -393.94830322265625, -352.8177185058594] [-356.635009765625, -382.0330505371094, -297.94586181640625, -274.35955810546875, -402.4685363769531, -372.9796142578125, -276.553955078125, -340.7801513671875, -393.94830322265625, -352.8177185058594]
Number:  4
greedy
[-328.6395568847656, -355.0997314453125, -321.45831298828125, -345.66363525390625, -274.2759094238281, -334.2248229980469, -306.05126953125, -326.2632751464844, -371.094482421875, -325.538330078125] [-328.6395568847656, -355.0997314453125, -321.45831298828125, -345.66363525390625, -274.2759094238281, -334.2248229980469, -306.05126953125, -326.2632751464844, -371.094482421875, -325.538330078125]
Number:  5
greedy
[-405.05792236328125, -408.41534423828125, -394.96099853515625, -707.0694580078125, -481.8755798339844, -412.15753173828125, -412.04754638671875, -479.5711364746094, -449.0042724609375, -526.8605346679688] [-405.05792236328125, -408.41534423828125, -394.96099853515625, -707.0694580078125, -481.8755798339844, -412.15753173828125, -412.04754638671875, -479.5711364746094, -449.0042724609375, -526.8605346679688]
Number:  6
greedy
[-481.4616394042969, -501.99951171875, -491.5775146484375, -355.6228332519531, -347.58782958984375, -372.6463317871094, -492.5362548828125, -335.556884765625, -631.5047607421875, -552.906494140625] [-481.4616394042969, -501.99951171875, -491.5775146484375, -355.6228332519531, -347.58782958984375, -372.6463317871094, -492.5362548828125, -335.556884765625, -631.5047607421875, -552.906494140625]
Number:  7
greedy
[-221.1127471923828, -249.09788513183594, -241.58541870117188, -302.4290771484375, -298.96246337890625, -267.03558349609375, -349.8114318847656, -287.76483154296875, -243.31874084472656, -323.6637878417969] [-221.1127471923828, -249.09788513183594, -241.58541870117188, -302.4290771484375, -298.96246337890625, -267.03558349609375, -349.8114318847656, -287.76483154296875, -243.31874084472656, -323.6637878417969]
Number:  8
greedy
[-376.060546875, -265.72308349609375, -353.0986633300781, -275.6878356933594, -251.13473510742188, -283.8015441894531, -302.5747985839844, -298.75140380859375, -361.0787048339844, -328.59259033203125] [-417.50390625, -312.4013366699219, -388.70965576171875, -327.9535217285156, -287.7418212890625, -321.88165283203125, -341.3236389160156, -333.95721435546875, -399.9959411621094, -367.4398498535156]
Number:  9
greedy
[-343.6557312011719, -377.54718017578125, -368.6278076171875, -482.4164123535156, -335.7465515136719, -293.43212890625, -489.7719421386719, -349.1859130859375, -303.58258056640625, -334.2434387207031] [-343.6557312011719, -377.54718017578125, -368.6278076171875, -482.4164123535156, -335.7465515136719, -293.43212890625, -489.7719421386719, -349.1859130859375, -303.58258056640625, -334.2434387207031]
------------------------------------------------
Test data in: person
Number:  0
greedy
[-600.6912841796875, -644.3519287109375, -459.74151611328125, -492.52606201171875, -568.321044921875, -574.7184448242188, -702.5726928710938, -374.4946594238281, -420.9839172363281, -388.51544189453125] [-600.6912841796875, -644.3519287109375, -459.74151611328125, -492.52606201171875, -568.321044921875, -574.7184448242188, -702.5726928710938, -374.4946594238281, -420.9839172363281, -388.51544189453125]
Number:  1
greedy
[-470.3734436035156, -493.343017578125, -462.15478515625, -431.38543701171875, -431.0856628417969, -386.48193359375, -469.18218994140625, -520.9029541015625, -442.4595947265625, -520.7720947265625] [-470.3734436035156, -493.343017578125, -462.15478515625, -431.38543701171875, -431.0856628417969, -386.48193359375, -469.18218994140625, -520.9029541015625, -442.4595947265625, -520.7720947265625]
Number:  2
greedy
[-410.073486328125, -341.29949951171875, -377.6985168457031, -326.1744384765625, -391.0867004394531, -376.5284423828125, -296.310791015625, -440.0626525878906, -348.8835144042969, -395.4117431640625] [-410.073486328125, -341.29949951171875, -377.6985168457031, -326.1744384765625, -391.0867004394531, -376.5284423828125, -296.310791015625, -440.0626525878906, -348.8835144042969, -395.4117431640625]
Number:  3
greedy
[-701.2581787109375, -518.1151123046875, -772.94384765625, -642.14013671875, -658.8089599609375, -707.3755493164062, -853.7993774414062, -738.6861572265625, -762.998779296875, -603.8968505859375] [-701.2581787109375, -518.1151123046875, -772.94384765625, -642.14013671875, -658.8089599609375, -707.3755493164062, -853.7993774414062, -738.6861572265625, -762.998779296875, -603.8968505859375]
Number:  4
greedy
[-488.2784729003906, -395.771240234375, -425.09686279296875, -397.86297607421875, -423.01580810546875, -377.3479919433594, -484.6556396484375, -467.02764892578125, -463.1139221191406, -462.0740661621094] [-488.2784729003906, -395.771240234375, -425.09686279296875, -397.86297607421875, -423.01580810546875, -377.3479919433594, -484.6556396484375, -467.02764892578125, -463.1139221191406, -462.0740661621094]
Number:  5
greedy
[-495.6134948730469, -659.980224609375, -426.9185791015625, -655.013916015625, -700.7623291015625, -696.7349853515625, -627.5682983398438, -404.0539245605469, -643.7427978515625, -584.11279296875] [-500.92315673828125, -611.5008544921875, -395.5374755859375, -614.7183227539062, -665.3777465820312, -652.6416015625, -593.5401000976562, -381.41949462890625, -602.390869140625, -524.6671142578125]
Number:  6
greedy
[-418.61083984375, -394.2718505859375, -353.90380859375, -386.6012878417969, -410.88287353515625, -511.71942138671875, -421.21893310546875, -470.7601013183594, -447.5333557128906, -354.4879150390625] [-112.34931945800781, -133.134521484375, -126.47927856445312, -134.1058349609375, -123.37926483154297, -153.19607543945312, -117.37622833251953, -151.0159912109375, -108.0771484375, -131.37071228027344]
Number:  7
greedy
[-469.9852294921875, -389.5849609375, -347.4936828613281, -374.4893493652344, -492.35064697265625, -622.7904052734375, -505.6673889160156, -484.4124755859375, -393.28839111328125, -308.2595520019531] [-469.9852294921875, -389.5849609375, -347.4936828613281, -374.4893493652344, -492.35064697265625, -622.7904052734375, -505.6673889160156, -484.4124755859375, -393.28839111328125, -308.2595520019531]
Number:  8
greedy
[-567.0027465820312, -514.742919921875, -471.78271484375, -440.82147216796875, -376.72845458984375, -398.36798095703125, -352.3829650878906, -389.3655090332031, -419.5931091308594, -502.314453125] [-305.5121154785156, -310.70184326171875, -339.86895751953125, -421.0667419433594, -329.40728759765625, -333.5973815917969, -331.94732666015625, -307.7335205078125, -328.1498107910156, -320.3741455078125]
Number:  9
greedy
[-345.5285339355469, -321.4650573730469, -277.8955993652344, -317.961669921875, -361.21954345703125, -276.0777587890625, -312.85003662109375, -428.08660888671875, -393.037841796875, -629.83642578125] [-345.5285339355469, -321.4650573730469, -277.8955993652344, -317.961669921875, -361.21954345703125, -276.0777587890625, -312.85003662109375, -428.08660888671875, -393.037841796875, -629.83642578125]
------------------------------------------------
Test data in: building
Number:  0
greedy
[-500.1060485839844, -435.8785705566406, -492.9893493652344, -464.46026611328125, -497.07867431640625, -489.30865478515625, -489.97003173828125, -515.5916748046875, -410.3887939453125, -449.4699401855469] [-500.1060485839844, -435.8785705566406, -492.9893493652344, -464.46026611328125, -497.07867431640625, -489.30865478515625, -489.97003173828125, -515.5916748046875, -410.3887939453125, -449.4699401855469]
Number:  1
greedy
[-640.9940185546875, -407.5024108886719, -418.0323486328125, -433.04656982421875, -415.28900146484375, -474.301025390625, -409.590087890625, -593.671142578125, -538.7225952148438, -456.93170166015625] [-357.02398681640625, -339.4480285644531, -388.8097229003906, -274.9007873535156, -307.0976257324219, -300.6456604003906, -357.583251953125, -345.0323791503906, -352.18292236328125, -328.26171875]
Number:  2
greedy
[-373.1826171875, -391.3641357421875, -378.8703918457031, -380.39422607421875, -440.53619384765625, -373.31414794921875, -439.7627258300781, -438.0912780761719, -393.53948974609375, -323.49920654296875] [-379.1333923339844, -452.9058837890625, -510.9526062011719, -535.0701293945312, -522.1093139648438, -413.42608642578125, -575.4916381835938, -367.9765625, -453.60040283203125, -458.5634765625]
Number:  3
greedy
[-402.6357116699219, -490.27215576171875, -424.8703918457031, -442.70263671875, -284.9587097167969, -367.4505920410156, -556.8720703125, -403.83660888671875, -426.7759704589844, -496.44769287109375] [-438.6817932128906, -531.89013671875, -452.9971618652344, -481.12591552734375, -332.80120849609375, -411.7947692871094, -589.0103149414062, -448.9927978515625, -467.1952819824219, -534.3431396484375]
Number:  4
greedy
[-431.3765563964844, -362.5804443359375, -345.3811950683594, -343.7436828613281, -360.9171142578125, -357.2606506347656, -447.86224365234375, -440.7381896972656, -366.6331787109375, -363.7312316894531] [-223.10861206054688, -222.32374572753906, -221.2298583984375, -185.57699584960938, -225.2840118408203, -197.40692138671875, -275.06048583984375, -265.4067687988281, -229.05673217773438, -180.9319610595703]
Number:  5
greedy
[-354.615966796875, -318.76837158203125, -304.7838439941406, -329.6014404296875, -290.1602478027344, -373.3130798339844, -287.6581726074219, -277.5754699707031, -356.2527770996094, -371.4100341796875] [-405.9503479003906, -358.3350524902344, -351.91680908203125, -355.79315185546875, -329.9788513183594, -404.43505859375, -320.7920837402344, -313.43853759765625, -405.37396240234375, -405.2014465332031]
Number:  6
greedy
[-396.7278747558594, -544.6901245117188, -498.11865234375, -549.353271484375, -557.8052978515625, -487.9002380371094, -346.3276672363281, -441.1289367675781, -588.610595703125, -606.14453125] [-396.7278747558594, -544.6901245117188, -498.11865234375, -549.353271484375, -557.8052978515625, -487.9002380371094, -346.3276672363281, -441.1289367675781, -588.610595703125, -606.14453125]
Number:  7
greedy
[-609.3739624023438, -498.2901916503906, -594.8250732421875, -598.2886352539062, -575.1334838867188, -518.4706420898438, -624.7042236328125, -475.884521484375, -541.4054565429688, -545.2109375] [-609.3739624023438, -498.2901916503906, -594.8250732421875, -598.2886352539062, -575.1334838867188, -518.4706420898438, -624.7042236328125, -475.884521484375, -541.4054565429688, -545.2109375]
Number:  8
greedy
[-502.48199462890625, -719.7993774414062, -451.069091796875, -463.580322265625, -477.17523193359375, -640.8153686523438, -534.911865234375, -951.5864868164062, -480.98779296875, -709.4453125] [-502.48199462890625, -719.7993774414062, -451.069091796875, -463.580322265625, -477.17523193359375, -640.8153686523438, -534.911865234375, -951.5864868164062, -480.98779296875, -709.4453125]
Number:  9
greedy
[-573.7608032226562, -514.9002075195312, -639.2111206054688, -665.819091796875, -420.465087890625, -478.73309326171875, -541.6583251953125, -517.8253784179688, -539.802978515625, -592.9039916992188] [-573.7608032226562, -514.9002075195312, -639.2111206054688, -665.819091796875, -420.465087890625, -478.73309326171875, -541.6583251953125, -517.8253784179688, -539.802978515625, -592.9039916992188]
------------------------------------------------
Test data in: tree
Number:  0
greedy
[-401.6947937011719, -353.7156677246094, -495.047119140625, -639.542724609375, -526.9823608398438, -384.3424072265625, -418.7625427246094, -432.12493896484375, -519.9349975585938, -585.361328125] [-243.49658203125, -243.9681396484375, -248.76437377929688, -209.8202362060547, -319.739013671875, -269.3707275390625, -278.94549560546875, -244.3263702392578, -203.83216857910156, -231.39028930664062]
Number:  1
greedy
[-344.49835205078125, -315.71368408203125, -367.04766845703125, -293.9372863769531, -269.2500305175781, -287.1867980957031, -353.3899841308594, -323.4567565917969, -239.84933471679688, -344.6653137207031] [-344.49835205078125, -315.71368408203125, -367.04766845703125, -293.9372863769531, -269.2500305175781, -287.1867980957031, -353.3899841308594, -323.4567565917969, -239.84933471679688, -344.6653137207031]
Number:  2
greedy
[-326.72979736328125, -385.4525451660156, -315.4622802734375, -285.7863464355469, -255.7069549560547, -263.12274169921875, -258.6505126953125, -304.018798828125, -314.614990234375, -343.9488830566406] [-326.72979736328125, -385.4525451660156, -315.4622802734375, -285.7863464355469, -255.7069549560547, -263.12274169921875, -258.6505126953125, -304.018798828125, -314.614990234375, -343.9488830566406]
Number:  3
greedy
[-542.9417724609375, -676.34716796875, -661.33740234375, -380.6006164550781, -739.7362060546875, -688.9862670898438, -697.1011962890625, -560.4148559570312, -651.7437744140625, -493.89532470703125] [-168.25897216796875, -174.18109130859375, -162.158935546875, -145.88182067871094, -155.1741943359375, -162.86505126953125, -116.02510070800781, -216.5929718017578, -205.50045776367188, -187.9508819580078]
Number:  4
greedy
[-336.4773254394531, -355.9347229003906, -327.27288818359375, -417.63482666015625, -300.1023254394531, -298.166015625, -300.46539306640625, -363.1068420410156, -379.9919738769531, -318.4271240234375] [-336.4773254394531, -355.9347229003906, -327.27288818359375, -417.63482666015625, -300.1023254394531, -298.166015625, -300.46539306640625, -363.1068420410156, -379.9919738769531, -318.4271240234375]
Number:  5
greedy
[-738.2744140625, -726.2137451171875, -897.7625732421875, -722.9847412109375, -1045.444091796875, -445.4900817871094, -536.8214111328125, -653.166015625, -492.5469055175781, -602.4992065429688] [-738.2744140625, -726.2137451171875, -897.7625732421875, -722.9847412109375, -1045.444091796875, -445.4900817871094, -536.8214111328125, -653.166015625, -492.5469055175781, -602.4992065429688]
Number:  6
greedy
[-773.0195922851562, -719.1526489257812, -513.1447143554688, -618.24267578125, -574.6819458007812, -692.3114624023438, -484.3092041015625, -566.484619140625, -489.24383544921875, -741.6856079101562] [-206.40328979492188, -276.69232177734375, -333.9892883300781, -306.15081787109375, -182.0562286376953, -228.53924560546875, -181.8367919921875, -268.31866455078125, -295.294189453125, -217.33645629882812]
Number:  7
greedy
[-276.3286437988281, -411.63232421875, -273.1834411621094, -377.28607177734375, -357.9941711425781, -342.3927307128906, -417.041259765625, -321.10699462890625, -370.0216369628906, -455.5520324707031] [-276.3286437988281, -411.63232421875, -273.1834411621094, -377.28607177734375, -357.9941711425781, -342.3927307128906, -417.041259765625, -321.10699462890625, -370.0216369628906, -455.5520324707031]
Number:  8
greedy
[-481.3286437988281, -403.4231262207031, -550.3222045898438, -433.8680725097656, -372.7000732421875, -347.064453125, -438.66998291015625, -488.6626281738281, -370.5916748046875, -469.3175048828125] [-119.692626953125, -83.75707244873047, -109.79132080078125, -111.21417236328125, -104.78318786621094, -115.67822265625, -96.91006469726562, -115.6390151977539, -85.94306945800781, -102.22557067871094]
Number:  9
greedy
[-748.798095703125, -671.7955932617188, -534.828125, -576.8372192382812, -641.8922119140625, -719.6376953125, -657.14599609375, -795.1261596679688, -532.4298706054688, -648.4534301757812] [-748.798095703125, -671.7955932617188, -534.828125, -576.8372192382812, -641.8922119140625, -719.6376953125, -657.14599609375, -795.1261596679688, -532.4298706054688, -648.4534301757812]
------------------------------------------------
Test data in: woman
Number:  0
greedy
[-382.3209228515625, -373.854248046875, -351.9422302246094, -401.0486755371094, -333.4560546875, -359.79510498046875, -412.3441162109375, -367.0777282714844, -430.0396423339844, -378.43280029296875] [-382.3209228515625, -373.854248046875, -351.9422302246094, -401.0486755371094, -333.4560546875, -359.79510498046875, -412.3441162109375, -367.0777282714844, -430.0396423339844, -378.43280029296875]
Number:  1
greedy
[-313.6253967285156, -369.4798889160156, -332.28857421875, -378.49566650390625, -337.86639404296875, -362.3284606933594, -321.7774963378906, -374.74639892578125, -281.92425537109375, -260.0325622558594] [-313.6253967285156, -369.4798889160156, -332.28857421875, -378.49566650390625, -337.86639404296875, -362.3284606933594, -321.7774963378906, -374.74639892578125, -281.92425537109375, -260.0325622558594]
Number:  2
greedy
[-264.2686462402344, -277.22650146484375, -280.61962890625, -298.7422790527344, -276.04345703125, -309.6904296875, -213.25338745117188, -297.76959228515625, -236.97750854492188, -274.03021240234375] [-264.2686462402344, -277.22650146484375, -280.61962890625, -298.7422790527344, -276.04345703125, -309.6904296875, -213.25338745117188, -297.76959228515625, -236.97750854492188, -274.03021240234375]
Number:  3
greedy
[-464.1855773925781, -592.3291015625, -393.5640869140625, -471.0306701660156, -473.482421875, -539.428466796875, -445.84234619140625, -428.42437744140625, -482.6413879394531, -423.75360107421875] [-464.1855773925781, -592.3291015625, -393.5640869140625, -471.0306701660156, -473.482421875, -539.428466796875, -445.84234619140625, -428.42437744140625, -482.6413879394531, -423.75360107421875]
Number:  4
greedy
[-400.82122802734375, -327.3537292480469, -353.1796875, -353.9856262207031, -400.4349670410156, -372.6986083984375, -372.5516052246094, -376.145263671875, -322.4991455078125, -392.3274230957031] [-400.82122802734375, -327.3537292480469, -353.1796875, -353.9856262207031, -400.4349670410156, -372.6986083984375, -372.5516052246094, -376.145263671875, -322.4991455078125, -392.3274230957031]
Number:  5
greedy
[-369.2408752441406, -468.3741455078125, -439.2508239746094, -470.9686279296875, -353.50067138671875, -498.07537841796875, -518.147216796875, -379.09564208984375, -403.825927734375, -472.46490478515625] [-369.2408752441406, -468.3741455078125, -439.2508239746094, -470.9686279296875, -353.50067138671875, -498.07537841796875, -518.147216796875, -379.09564208984375, -403.825927734375, -472.46490478515625]
Number:  6
greedy
[-308.75921630859375, -330.0056457519531, -330.28826904296875, -336.54595947265625, -312.91375732421875, -388.75860595703125, -352.676025390625, -298.99371337890625, -326.0577697753906, -306.46917724609375] [-498.58673095703125, -393.6343688964844, -505.5046081542969, -493.2733154296875, -481.0874328613281, -537.191650390625, -472.8192138671875, -423.70318603515625, -413.14447021484375, -419.11383056640625]
Number:  7
greedy
[-411.5625305175781, -406.15631103515625, -446.90460205078125, -395.56060791015625, -368.8679504394531, -349.26190185546875, -390.8106384277344, -341.85198974609375, -409.0738830566406, -437.5910339355469] [-411.5625305175781, -406.15631103515625, -446.90460205078125, -395.56060791015625, -368.8679504394531, -349.26190185546875, -390.8106384277344, -341.85198974609375, -409.0738830566406, -437.5910339355469]
Number:  8
greedy
[-505.0130615234375, -500.4013366699219, -523.7393188476562, -397.1596984863281, -425.861083984375, -420.1224670410156, -492.36468505859375, -495.869140625, -396.20068359375, -468.954345703125] [-505.0130615234375, -500.4013366699219, -523.7393188476562, -397.1596984863281, -425.861083984375, -420.1224670410156, -492.36468505859375, -495.869140625, -396.20068359375, -468.954345703125]
Number:  9
greedy
[-389.08270263671875, -407.37652587890625, -447.933837890625, -293.480712890625, -406.2696838378906, -391.0738830566406, -337.2946472167969, -412.40850830078125, -374.7899475097656, -386.2273864746094] [-415.4562072753906, -427.5072021484375, -479.99810791015625, -321.0867919921875, -436.5447082519531, -434.440673828125, -366.39959716796875, -439.0358581542969, -399.6811218261719, -423.1477355957031]
++++++++++++++++++++++++++++++++++++++++++++++++++++++++++++++++++++++++++++++
---------- greedy ------------
S0 accuracy greedy:  6
S1 accuracy greedy:  7
S1 higher greedy:  18
