------------------------------------------------
Test data in: window
Number:  0
greedy
[-54.76937484741211, -65.2591323852539, -60.364952087402344, -56.304115295410156, -59.68465805053711, -52.59173583984375, -59.90884017944336, -51.07292175292969, -62.607784271240234, -58.471763610839844] [-56.01917266845703, -68.0595703125, -60.592655181884766, -57.576622009277344, -59.2662467956543, -51.52819061279297, -60.85733413696289, -51.760780334472656, -60.722373962402344, -56.95475769042969]
beam
[-61.61852264404297, -64.24243927001953, -63.1468505859375, -59.46053695678711, -63.32447814941406, -54.162227630615234, -59.81022262573242, -53.99261474609375, -61.01005172729492, -61.35442352294922] [-31.228158950805664, -43.48344421386719, -40.61587905883789, -38.31638717651367, -40.2003173828125, -30.214706420898438, -38.93929672241211, -29.49982261657715, -39.00692367553711, -36.475563049316406]
Number:  1
greedy
[-48.3361930847168, -64.87535858154297, -72.00792694091797, -69.83427429199219, -69.5433578491211, -56.7447624206543, -56.08778762817383, -57.394493103027344, -65.30045318603516, -69.74307250976562] [-48.3361930847168, -64.87535858154297, -72.00792694091797, -69.83427429199219, -69.5433578491211, -56.7447624206543, -56.08778762817383, -57.394493103027344, -65.30045318603516, -69.74307250976562]
beam
[-49.44438552856445, -54.15729904174805, -60.60841751098633, -56.25832748413086, -62.46611022949219, -57.994171142578125, -51.133792877197266, -53.483428955078125, -58.181827545166016, -59.15849304199219] [-52.26535415649414, -62.1907844543457, -68.46421813964844, -64.66632080078125, -74.3297348022461, -59.830997467041016, -56.035648345947266, -56.08146667480469, -65.65283966064453, -68.2579574584961]
Number:  2
greedy
[-55.14179992675781, -59.82241439819336, -59.266597747802734, -58.72052764892578, -58.55194854736328, -60.02423858642578, -56.094879150390625, -58.07048797607422, -56.18572235107422, -54.68461990356445] [-55.14179992675781, -59.82241439819336, -59.266597747802734, -58.72052764892578, -58.55194854736328, -60.02423858642578, -56.094879150390625, -58.07048797607422, -56.18572235107422, -54.68461990356445]
beam
[-42.61088562011719, -47.19474411010742, -45.27226638793945, -48.853599548339844, -47.96677017211914, -48.047760009765625, -44.091426849365234, -44.595951080322266, -46.362335205078125, -44.39931106567383] [-42.61088562011719, -47.19474411010742, -45.27226638793945, -48.853599548339844, -47.96677017211914, -48.047760009765625, -44.091426849365234, -44.595951080322266, -46.362335205078125, -44.39931106567383]
Number:  3
greedy
[-62.62699508666992, -55.31647491455078, -63.4132194519043, -57.903324127197266, -58.83100509643555, -56.04701614379883, -63.26034927368164, -60.129329681396484, -58.07353973388672, -60.9005012512207] [-52.68449401855469, -51.87226486206055, -56.737281799316406, -53.6213264465332, -54.62522506713867, -51.959476470947266, -61.132633209228516, -54.58894348144531, -57.3587646484375, -54.38258361816406]
beam
[-49.437965393066406, -46.20076370239258, -54.083553314208984, -47.201786041259766, -50.270469665527344, -45.96145248413086, -57.09335708618164, -49.9300651550293, -52.23355484008789, -50.43841552734375] [-33.5531120300293, -26.871017456054688, -36.88037872314453, -33.31217956542969, -31.149803161621094, -30.4099063873291, -37.7270622253418, -33.867034912109375, -33.01555252075195, -33.10038757324219]
Number:  4
greedy
[-58.47556686401367, -73.11767578125, -91.2875747680664, -74.69912719726562, -78.47441101074219, -73.927490234375, -74.95452880859375, -71.85026550292969, -84.15931701660156, -74.1058578491211] [-53.44902038574219, -60.56554412841797, -77.77808380126953, -64.38130950927734, -72.002197265625, -65.24971771240234, -65.79642486572266, -56.91004180908203, -72.32429504394531, -65.39018249511719]
beam
[-33.093387603759766, -44.662113189697266, -54.00197219848633, -41.832489013671875, -51.009342193603516, -41.57398223876953, -42.49787902832031, -40.5295524597168, -50.882301330566406, -41.26060104370117] [-9.916257858276367, -9.911001205444336, -8.884748458862305, -9.49023723602295, -8.754067420959473, -9.602567672729492, -10.112707138061523, -10.349536895751953, -9.144696235656738, -8.108863830566406]
Number:  5
greedy
[-51.224552154541016, -54.120269775390625, -59.840431213378906, -57.43280029296875, -55.97545623779297, -58.76716232299805, -57.40025329589844, -59.328731536865234, -61.624698638916016, -63.084571838378906] [-50.8687629699707, -55.28096008300781, -61.89896774291992, -63.316864013671875, -52.8038330078125, -58.015533447265625, -55.045475006103516, -58.043792724609375, -63.23377227783203, -60.06586837768555]
beam
[-44.209136962890625, -40.44927978515625, -50.10405349731445, -48.60108184814453, -49.03070068359375, -47.66585922241211, -49.318477630615234, -49.49936294555664, -54.86632537841797, -53.95669937133789] [-55.36906814575195, -55.828826904296875, -69.36383056640625, -60.558860778808594, -63.073238372802734, -67.11534118652344, -65.5846176147461, -67.79681396484375, -68.33472442626953, -75.47693634033203]
Number:  6
greedy
[-64.15894317626953, -65.51476287841797, -65.5339126586914, -61.62129211425781, -62.751583099365234, -68.44316864013672, -59.833248138427734, -69.7761459350586, -72.3616714477539, -61.229095458984375] [-64.15894317626953, -65.51476287841797, -65.5339126586914, -61.62129211425781, -62.751583099365234, -68.44316864013672, -59.833248138427734, -69.7761459350586, -72.3616714477539, -61.229095458984375]
beam
[-32.58174133300781, -33.732635498046875, -33.923030853271484, -29.937328338623047, -30.752622604370117, -36.916439056396484, -27.891708374023438, -37.909156799316406, -41.810585021972656, -28.9174747467041] [-50.31355667114258, -51.83195495605469, -50.476707458496094, -47.53767395019531, -49.232574462890625, -54.472991943359375, -44.72549057006836, -55.79905700683594, -55.16793441772461, -47.595787048339844]
Number:  7
greedy
[-64.23271179199219, -70.10358428955078, -58.5599250793457, -64.98674774169922, -66.0111083984375, -65.64433288574219, -63.70964431762695, -59.72077178955078, -64.95159149169922, -64.01927947998047] [-59.57587814331055, -65.1954116821289, -61.0298957824707, -61.70355987548828, -58.48880386352539, -60.30780792236328, -55.90409469604492, -57.11400604248047, -60.08730697631836, -60.656219482421875]
beam
[-51.96195602416992, -52.417049407958984, -46.036861419677734, -49.6532096862793, -52.060951232910156, -53.603790283203125, -52.48412322998047, -48.85002517700195, -51.38322830200195, -53.640357971191406] [-5.125990810483927e-06, -1.7404543541488238e-05, -1.3947465049568564e-05, -2.0384712115628645e-05, -8.94068489287747e-06, -9.417521141585894e-06, -5.245207830739673e-06, -1.3232173841970507e-05, -7.6293922575132456e-06, -6.914121058798628e-06]
Number:  8
greedy
[-57.45993423461914, -58.720516204833984, -57.05625915527344, -58.05458450317383, -52.51607131958008, -53.10647964477539, -46.84952926635742, -55.46438217163086, -51.512298583984375, -59.671302795410156] [-54.843772888183594, -58.37495422363281, -51.4970703125, -55.63210678100586, -45.38654708862305, -48.273826599121094, -41.69163513183594, -53.55603790283203, -46.17228317260742, -60.00723648071289]
beam
[-49.237422943115234, -52.849281311035156, -51.293365478515625, -50.35694885253906, -42.21826934814453, -44.0358772277832, -35.97308349609375, -48.74617385864258, -42.03770446777344, -52.65262985229492] [-58.71466064453125, -62.352664947509766, -69.68141174316406, -61.0090217590332, -51.68231964111328, -54.806922912597656, -60.40419006347656, -60.1740608215332, -53.49325942993164, -62.98696517944336]
Number:  9
greedy
[-69.44746398925781, -70.49816131591797, -77.99935913085938, -75.4565658569336, -76.5221176147461, -73.15678405761719, -74.03866577148438, -69.01095581054688, -71.61785888671875, -76.40460205078125] [-69.44746398925781, -70.49816131591797, -77.99935913085938, -75.4565658569336, -76.5221176147461, -73.15678405761719, -74.03866577148438, -69.01095581054688, -71.61785888671875, -76.40460205078125]
beam
[-46.21625518798828, -47.03548049926758, -55.32356262207031, -49.515262603759766, -50.902732849121094, -49.34788131713867, -50.85628128051758, -45.640872955322266, -49.62953567504883, -53.87102127075195] [-40.5803337097168, -42.84733581542969, -45.84220504760742, -44.888816833496094, -45.51216125488281, -45.4959602355957, -44.03831100463867, -41.6622314453125, -43.166099548339844, -49.61122512817383]
------------------------------------------------
Test data in: table
Number:  0
greedy
[-45.39994812011719, -64.68869018554688, -46.56208419799805, -45.82440185546875, -63.06719970703125, -56.926902770996094, -58.82767868041992, -61.19080352783203, -59.160926818847656, -65.94405364990234] [-55.03929901123047, -69.7820816040039, -56.724395751953125, -57.155189514160156, -79.97029876708984, -71.6389389038086, -65.80946350097656, -67.73753356933594, -64.58526611328125, -57.77231979370117]
beam
[-40.28235626220703, -55.878379821777344, -41.19423294067383, -40.0628547668457, -56.7823486328125, -51.87297058105469, -51.366912841796875, -53.22310256958008, -51.319541931152344, -55.592830657958984] [-38.53023910522461, -64.53289794921875, -41.32341384887695, -40.3133544921875, -66.51763153076172, -57.9974365234375, -58.00128173828125, -60.02191162109375, -56.32614517211914, -58.72559356689453]
Number:  1
greedy
[-38.9696159362793, -53.328060150146484, -52.98036575317383, -54.87041473388672, -49.258731842041016, -45.11085891723633, -45.150081634521484, -50.4629020690918, -51.2741584777832, -54.489715576171875] [-41.57793426513672, -60.15998458862305, -62.077491760253906, -62.038612365722656, -53.158748626708984, -56.92783737182617, -52.05889892578125, -61.248680114746094, -61.57620620727539, -65.49214172363281]
beam
[-38.9696159362793, -53.328060150146484, -52.98036575317383, -54.87041473388672, -49.258731842041016, -45.11085891723633, -45.150081634521484, -50.4629020690918, -51.2741584777832, -54.489715576171875] [-49.28249740600586, -59.93251037597656, -64.25110626220703, -64.63818359375, -52.17134475708008, -55.476070404052734, -53.10363006591797, -56.71320343017578, -58.95962905883789, -62.31037521362305]
Number:  2
greedy
[-69.95065307617188, -74.73004150390625, -71.14263916015625, -71.7019271850586, -73.15605926513672, -72.58778381347656, -74.70829772949219, -75.64322662353516, -70.97271728515625, -74.9174575805664] [-69.95065307617188, -74.73004150390625, -71.14263916015625, -71.7019271850586, -73.15605926513672, -72.58778381347656, -74.70829772949219, -75.64322662353516, -70.97271728515625, -74.9174575805664]
beam
[-44.99748611450195, -45.06566619873047, -45.518348693847656, -42.99849319458008, -44.67768859863281, -43.53642654418945, -46.813018798828125, -44.046024322509766, -40.325035095214844, -45.3953742980957] [-35.74559020996094, -31.538421630859375, -34.26469421386719, -33.33897399902344, -35.35194778442383, -35.81657791137695, -29.600629806518555, -32.19211959838867, -33.209259033203125, -34.19394302368164]
Number:  3
greedy
[-46.74278259277344, -50.71974563598633, -49.34049987792969, -43.30011749267578, -52.557167053222656, -48.44304275512695, -48.22277069091797, -52.27567672729492, -60.16923141479492, -48.49603271484375] [-61.98345184326172, -65.95060729980469, -62.38975524902344, -63.235111236572266, -67.62641143798828, -64.45219421386719, -61.916847229003906, -64.92236328125, -81.2016830444336, -74.4559326171875]
beam
[-40.94771194458008, -41.70090866088867, -41.734169006347656, -42.87702941894531, -42.811561584472656, -41.07783126831055, -41.06000900268555, -41.72114944458008, -46.34507369995117, -53.336578369140625] [-34.82785415649414, -53.037872314453125, -49.938819885253906, -39.254981994628906, -48.976200103759766, -40.154563903808594, -44.921234130859375, -49.87114334106445, -55.01229476928711, -49.457000732421875]
Number:  4
greedy
[-59.18526077270508, -60.340667724609375, -69.67964935302734, -75.31802368164062, -73.46122741699219, -81.02696990966797, -59.39265441894531, -61.7252082824707, -58.81001281738281, -60.41692352294922] [-56.43833541870117, -58.65939712524414, -62.514652252197266, -71.340576171875, -69.02017974853516, -72.1200942993164, -58.656063079833984, -57.5681266784668, -59.46867370605469, -59.65760803222656]
beam
[-56.8704833984375, -60.231239318847656, -56.52262496948242, -72.2625503540039, -68.01663970947266, -53.390804290771484, -54.370235443115234, -55.47805404663086, -57.653499603271484, -59.87888717651367] [-61.125213623046875, -65.76207733154297, -77.35440063476562, -77.6529312133789, -70.00225067138672, -84.70565795898438, -68.49964141845703, -66.6031494140625, -66.0072021484375, -66.27835083007812]
Number:  5
greedy
[-56.138946533203125, -54.27070999145508, -58.90528106689453, -69.00919342041016, -61.37158966064453, -62.37513732910156, -59.74310302734375, -61.9213752746582, -56.18503189086914, -62.115875244140625] [-56.138946533203125, -54.27070999145508, -58.90528106689453, -69.00919342041016, -61.37158966064453, -62.37513732910156, -59.74310302734375, -61.9213752746582, -56.18503189086914, -62.115875244140625]
beam
[-50.7470588684082, -50.614295959472656, -47.14264678955078, -52.247772216796875, -49.49010467529297, -50.385902404785156, -51.29532241821289, -51.5218505859375, -46.08694076538086, -50.218833923339844] [-48.01537322998047, -47.29832458496094, -55.03726577758789, -55.30659484863281, -48.8243408203125, -49.348915100097656, -49.74513244628906, -49.51166534423828, -52.13044357299805, -54.43440246582031]
Number:  6
greedy
[-61.18440628051758, -80.3377685546875, -71.57023620605469, -75.21406555175781, -79.73023223876953, -62.44676208496094, -76.41332244873047, -73.15869140625, -71.32785034179688, -76.51012420654297] [-57.239418029785156, -83.86102294921875, -75.1071548461914, -74.74359130859375, -85.269287109375, -64.80937957763672, -91.89010620117188, -78.2841796875, -75.00323486328125, -87.81810760498047]
beam
[-45.364078521728516, -55.96265411376953, -54.33747863769531, -49.80490493774414, -58.201114654541016, -48.58184814453125, -61.56558609008789, -54.60197448730469, -53.6901969909668, -60.27119064331055] [-46.117008209228516, -45.700096130371094, -48.917991638183594, -44.93376159667969, -50.582916259765625, -47.11040115356445, -48.515953063964844, -48.76918029785156, -48.746315002441406, -50.06337356567383]
Number:  7
greedy
[-74.73085021972656, -79.18717956542969, -79.07941436767578, -75.64640045166016, -77.38192749023438, -74.22118377685547, -73.84674835205078, -76.95450592041016, -75.97807312011719, -80.71121978759766] [-59.351070404052734, -60.64874267578125, -66.42066955566406, -60.398956298828125, -59.92050552368164, -61.27867126464844, -68.65135192871094, -62.32255935668945, -77.66508483886719, -67.72938537597656]
beam
[-43.56943130493164, -42.0515022277832, -44.228424072265625, -44.29853057861328, -41.65583038330078, -49.0191535949707, -50.68029022216797, -41.67820739746094, -45.73283004760742, -46.716739654541016] [-50.184654235839844, -51.58005142211914, -57.17818069458008, -52.585506439208984, -51.2498779296875, -47.28489685058594, -52.48535919189453, -57.603946685791016, -58.80501937866211, -58.98460006713867]
Number:  8
greedy
[-44.08490753173828, -42.08866882324219, -47.571292877197266, -39.41368103027344, -48.656219482421875, -45.52982711791992, -48.53152847290039, -53.359405517578125, -43.97274398803711, -44.14629364013672] [-56.74898147583008, -67.85212707519531, -62.28138732910156, -67.13389587402344, -71.7378921508789, -57.48942184448242, -71.73133850097656, -67.67081451416016, -57.01186752319336, -58.46595001220703]
beam
[-41.87148666381836, -39.401771545410156, -45.26301193237305, -36.56122589111328, -44.751617431640625, -43.89174270629883, -44.498504638671875, -49.919559478759766, -41.504947662353516, -42.231346130371094] [-60.63303756713867, -60.26279830932617, -66.15506744384766, -55.0839958190918, -77.97212982177734, -63.321006774902344, -77.41221618652344, -87.8770980834961, -55.23675537109375, -64.55854034423828]
Number:  9
greedy
[-47.32078170776367, -65.72901153564453, -66.02206420898438, -58.66236114501953, -59.91042709350586, -62.1124153137207, -71.53466033935547, -61.48902893066406, -64.29824829101562, -62.5039176940918] [-60.02871322631836, -68.67633819580078, -72.67562866210938, -71.56726837158203, -67.23139953613281, -65.72025299072266, -74.82621002197266, -76.67729187011719, -72.08287811279297, -64.21430206298828]
beam
[-43.159610748291016, -47.24758529663086, -52.03001022338867, -46.39527893066406, -44.24114990234375, -46.07421875, -53.54393768310547, -49.80109786987305, -51.399166107177734, -45.239646911621094] [-60.8934211730957, -74.22637939453125, -76.5877914428711, -76.4897689819336, -73.6811294555664, -72.93421173095703, -81.56425476074219, -80.55716705322266, -76.29354095458984, -67.95764923095703]
------------------------------------------------
Test data in: sign
Number:  0
greedy
[-58.13862228393555, -72.70919036865234, -65.94407653808594, -67.99476623535156, -71.54854583740234, -71.5694808959961, -73.49357604980469, -63.00657653808594, -70.0557861328125, -69.53572082519531] [-58.13862228393555, -72.70919036865234, -65.94407653808594, -67.99476623535156, -71.54854583740234, -71.5694808959961, -73.49357604980469, -63.00657653808594, -70.0557861328125, -69.53572082519531]
beam
[-31.90921401977539, -38.93315505981445, -40.73308181762695, -36.767311096191406, -38.94853210449219, -43.5924072265625, -46.07905960083008, -37.25361633300781, -38.52815246582031, -37.76536560058594] [-41.93414306640625, -49.56061935424805, -46.834800720214844, -48.00602340698242, -49.561092376708984, -48.28611755371094, -52.408546447753906, -45.26234436035156, -48.00885772705078, -48.01986312866211]
Number:  1
greedy
[-52.68364334106445, -66.46839141845703, -61.89366149902344, -66.32044982910156, -56.33716583251953, -53.10523223876953, -57.39564514160156, -51.627899169921875, -61.47968673706055, -58.938716888427734] [-45.615596771240234, -62.3677978515625, -59.157615661621094, -61.77943420410156, -51.15066146850586, -45.46855163574219, -52.34910202026367, -44.65382766723633, -56.123836517333984, -54.80294418334961]
beam
[-32.813262939453125, -45.60369873046875, -42.93659591674805, -44.81727981567383, -36.803306579589844, -33.17382049560547, -34.635196685791016, -32.91549301147461, -44.633148193359375, -43.622581481933594] [-18.02604103088379, -32.1742057800293, -30.2442569732666, -30.79277801513672, -22.216995239257812, -18.38602638244629, -23.122617721557617, -17.999818801879883, -27.628768920898438, -26.56822395324707]
Number:  2
greedy
[-39.35287857055664, -47.74353790283203, -44.163997650146484, -55.604026794433594, -44.225318908691406, -47.7224006652832, -53.83674621582031, -40.07121276855469, -43.91100311279297, -45.26374816894531] [-39.35287857055664, -47.74353790283203, -44.163997650146484, -55.604026794433594, -44.225318908691406, -47.7224006652832, -53.83674621582031, -40.07121276855469, -43.91100311279297, -45.26374816894531]
beam
[-39.25163269042969, -49.01262283325195, -41.972686767578125, -50.41538619995117, -43.84769821166992, -48.232383728027344, -48.63676071166992, -39.59505844116211, -44.26015090942383, -43.45721435546875] [-38.18212890625, -47.99125289916992, -41.6387825012207, -46.55143737792969, -41.92630386352539, -46.13148880004883, -44.48487091064453, -37.05904769897461, -43.88190460205078, -44.10612106323242]
Number:  3
greedy
[-68.64712524414062, -62.667076110839844, -59.505043029785156, -72.95062255859375, -60.477882385253906, -60.021514892578125, -68.1583480834961, -59.821327209472656, -68.24290466308594, -74.38957214355469] [-58.32906723022461, -58.519020080566406, -57.612754821777344, -62.341896057128906, -58.33624267578125, -59.88302230834961, -61.92662811279297, -59.795570373535156, -58.54778289794922, -62.8371467590332]
beam
[-35.48311996459961, -35.747222900390625, -31.63443946838379, -39.0787239074707, -33.034446716308594, -31.220375061035156, -35.03097152709961, -32.379920959472656, -35.669227600097656, -39.24183654785156] [-52.081520080566406, -59.1286506652832, -54.18804168701172, -57.30037307739258, -57.13407516479492, -55.360191345214844, -54.7908935546875, -53.09231185913086, -54.48509216308594, -59.30030822753906]
Number:  4
greedy
[-32.51632308959961, -35.68082046508789, -30.63625144958496, -42.83185958862305, -34.253517150878906, -33.642154693603516, -34.78818893432617, -34.308746337890625, -27.30840301513672, -32.79679870605469] [-61.89887619018555, -70.18656158447266, -57.872623443603516, -78.7219009399414, -69.98409271240234, -61.77311706542969, -66.72103118896484, -66.48770141601562, -55.60435485839844, -67.31817626953125]
beam
[-45.851661682128906, -49.58057403564453, -44.84405517578125, -52.440616607666016, -51.27092742919922, -50.43344497680664, -51.250484466552734, -52.625240325927734, -40.00975036621094, -49.176231384277344] [-46.193538665771484, -53.50130081176758, -42.31787872314453, -79.05475616455078, -55.63780975341797, -51.631103515625, -54.86832809448242, -54.968746185302734, -41.568904876708984, -52.91070556640625]
Number:  5
greedy
[-60.702125549316406, -70.92707824707031, -61.70746994018555, -59.252655029296875, -72.75424194335938, -64.93010711669922, -73.08150482177734, -62.95751953125, -63.8659553527832, -70.93209075927734] [-60.702125549316406, -70.92707824707031, -61.70746994018555, -59.252655029296875, -72.75424194335938, -64.93010711669922, -73.08150482177734, -62.95751953125, -63.8659553527832, -70.93209075927734]
beam
[-56.33453369140625, -61.98453140258789, -55.921104431152344, -55.431053161621094, -65.0715560913086, -57.94322967529297, -66.67859649658203, -57.54097366333008, -58.32234191894531, -64.11688232421875] [-2.264976046717493e-06, -3.099439709330909e-05, -1.1086463018727954e-05, -2.861022494471399e-06, -1.2040123692713678e-05, -1.001357304630801e-05, -2.7179692551726475e-05, -5.125998995936243e-06, -9.059904186869971e-06, -5.483624590851832e-06]
Number:  6
greedy
[-49.351280212402344, -51.82545852661133, -53.5775032043457, -53.02675247192383, -57.59955978393555, -54.75999450683594, -52.3206901550293, -49.31810760498047, -51.10162353515625, -52.497764587402344] [-47.24854278564453, -47.16456604003906, -51.11730194091797, -49.27268981933594, -57.5152587890625, -55.49482345581055, -49.48545455932617, -43.205421447753906, -46.95170593261719, -49.77736282348633]
beam
[-32.386474609375, -33.75954055786133, -35.290279388427734, -34.903934478759766, -40.559547424316406, -38.299713134765625, -33.899986267089844, -31.15753746032715, -32.58883285522461, -34.7687873840332] [-37.7382698059082, -44.07530212402344, -45.743961334228516, -45.46106719970703, -46.60714340209961, -42.60975646972656, -46.92036437988281, -42.237911224365234, -45.210968017578125, -45.85322189331055]
Number:  7
greedy
[-56.91168212890625, -71.32391357421875, -61.629459381103516, -66.21492004394531, -66.94872283935547, -59.03390121459961, -64.74172973632812, -56.84560012817383, -58.742164611816406, -61.662628173828125] [-56.91168212890625, -71.32391357421875, -61.629459381103516, -66.21492004394531, -66.94872283935547, -59.03390121459961, -64.74172973632812, -56.84560012817383, -58.742164611816406, -61.662628173828125]
beam
[-30.614933013916016, -36.39765167236328, -32.68552017211914, -34.5495491027832, -35.08342742919922, -32.440940856933594, -35.80683898925781, -30.99736213684082, -31.820541381835938, -34.254608154296875] [-36.69198989868164, -45.42504119873047, -39.39765167236328, -42.224117279052734, -43.65752410888672, -38.68257141113281, -43.863319396972656, -36.45146942138672, -38.59580612182617, -41.43338394165039]
Number:  8
greedy
[-64.54293060302734, -76.10099792480469, -74.45398712158203, -78.45184326171875, -63.97264099121094, -77.0906982421875, -81.67756652832031, -74.0884017944336, -78.18807220458984, -84.41388702392578] [-43.601871490478516, -61.15679931640625, -55.83980178833008, -61.99460983276367, -44.1422004699707, -54.21358871459961, -67.39114379882812, -58.98158264160156, -62.25144577026367, -66.7490463256836]
beam
[-29.10285758972168, -37.77829360961914, -35.73479461669922, -40.65070724487305, -28.696718215942383, -37.66769027709961, -43.53245162963867, -37.28252029418945, -40.78623962402344, -47.0016975402832] [-31.593311309814453, -41.600074768066406, -40.60874938964844, -43.6485481262207, -31.700706481933594, -42.5823974609375, -46.30439758300781, -40.64710998535156, -43.89561462402344, -48.80377960205078]
Number:  9
greedy
[-53.31045150756836, -52.208343505859375, -51.68089294433594, -56.63445281982422, -50.60932159423828, -54.11426544189453, -51.55180358886719, -52.02299499511719, -55.81109619140625, -61.243186950683594] [-69.21163940429688, -67.26849365234375, -63.12190246582031, -72.83212280273438, -60.11339569091797, -70.11260986328125, -65.28849792480469, -70.44450378417969, -78.86500549316406, -72.90007019042969]
beam
[-39.58892059326172, -40.108219146728516, -33.525390625, -39.30787658691406, -35.071598052978516, -40.130184173583984, -34.92512893676758, -40.627891540527344, -44.993560791015625, -50.34309387207031] [-44.47492599487305, -45.290626525878906, -45.25448989868164, -49.037601470947266, -44.702369689941406, -47.29034423828125, -44.76331329345703, -45.850990295410156, -51.0629997253418, -53.1337890625]
------------------------------------------------
Test data in: man
Number:  0
greedy
[-39.82697677612305, -54.93647003173828, -55.51251983642578, -51.07984161376953, -60.29813766479492, -52.866180419921875, -60.078147888183594, -55.121944427490234, -54.984806060791016, -53.57435607910156] [-44.38132095336914, -67.89373779296875, -58.25061798095703, -55.07754135131836, -65.92046356201172, -61.57305908203125, -66.18222045898438, -66.81878662109375, -62.88835144042969, -62.59571838378906]
beam
[-44.38132095336914, -67.89373779296875, -58.25061798095703, -55.07754135131836, -65.92046356201172, -61.57305908203125, -66.18222045898438, -66.81878662109375, -62.88835144042969, -62.59571838378906] [-61.24336624145508, -78.54104614257812, -73.69992065429688, -68.73885345458984, -77.41706085205078, -81.7838134765625, -76.95111083984375, -80.18352508544922, -80.8941879272461, -74.39910125732422]
Number:  1
greedy
[-32.492618560791016, -36.69823455810547, -40.93507766723633, -37.157997131347656, -40.80625534057617, -40.287784576416016, -37.76771926879883, -45.391624450683594, -44.4471321105957, -40.46376419067383] [-53.69851303100586, -48.9682502746582, -58.501441955566406, -51.14064407348633, -58.76706314086914, -51.907344818115234, -55.07421875, -60.93636703491211, -58.452674865722656, -56.47878646850586]
beam
[-35.14447021484375, -37.44903564453125, -40.405296325683594, -40.46995162963867, -43.96254348754883, -41.63877487182617, -39.376075744628906, -46.502464294433594, -48.32893371582031, -41.39347457885742] [-52.092857360839844, -50.2674446105957, -60.56761169433594, -65.82160186767578, -61.815853118896484, -54.48516845703125, -61.094207763671875, -65.44752502441406, -70.27928161621094, -54.5441780090332]
Number:  2
greedy
[-56.67719650268555, -54.248191833496094, -50.209903717041016, -58.4117317199707, -60.720821380615234, -50.614967346191406, -55.94062805175781, -72.94281768798828, -60.80254364013672, -47.817256927490234] [-54.381385803222656, -55.36388397216797, -50.23362350463867, -59.677425384521484, -63.67931365966797, -50.62775802612305, -58.75414276123047, -75.10934448242188, -63.780033111572266, -49.07304763793945]
beam
[-49.957454681396484, -50.95460510253906, -44.36283493041992, -56.68698501586914, -58.411277770996094, -44.32892990112305, -62.22013473510742, -75.28709411621094, -59.124420166015625, -41.40911865234375] [-34.93769073486328, -33.67179489135742, -30.913118362426758, -46.04024124145508, -44.57957077026367, -30.864168167114258, -50.20771026611328, -64.59591674804688, -44.364051818847656, -31.147716522216797]
Number:  3
greedy
[-49.96004104614258, -65.82279968261719, -64.07406616210938, -51.450679779052734, -57.73218536376953, -62.05879211425781, -57.200565338134766, -53.3505744934082, -61.438629150390625, -57.41283416748047] [-51.74298095703125, -61.56113815307617, -62.59463119506836, -50.70726013183594, -55.309417724609375, -56.4542121887207, -54.16355514526367, -53.49269104003906, -57.165374755859375, -55.682945251464844]
beam
[-38.470985412597656, -51.09042739868164, -44.79374694824219, -38.458152770996094, -41.37977981567383, -43.000030517578125, -42.39826583862305, -37.92510223388672, -49.95248031616211, -41.37237548828125] [-47.752838134765625, -63.46544647216797, -52.176387786865234, -47.5266227722168, -50.263916015625, -53.097347259521484, -51.87691116333008, -46.98268508911133, -59.207542419433594, -49.02912521362305]
Number:  4
greedy
[-45.08940887451172, -50.240623474121094, -51.772796630859375, -60.27910232543945, -54.058349609375, -57.268280029296875, -59.91636276245117, -70.64741516113281, -47.997806549072266, -49.79815673828125] [-45.532779693603516, -51.463157653808594, -49.98125076293945, -56.3887939453125, -53.89971160888672, -56.07242202758789, -61.76514434814453, -69.76253509521484, -51.37263107299805, -53.39440155029297]
beam
[-40.637451171875, -40.89739990234375, -45.552677154541016, -48.699588775634766, -47.739158630371094, -43.365867614746094, -49.1103630065918, -50.9652099609375, -41.79643630981445, -46.06554412841797] [-47.16600799560547, -48.31864929199219, -50.22294616699219, -54.20355987548828, -51.77396011352539, -52.389949798583984, -59.6220817565918, -54.86845016479492, -50.06251907348633, -51.441219329833984]
Number:  5
greedy
[-57.03462600708008, -64.61380004882812, -68.01741790771484, -54.018577575683594, -61.55888366699219, -62.43747329711914, -60.37961196899414, -61.318565368652344, -58.0678596496582, -71.38545989990234] [-49.63797378540039, -52.28009033203125, -52.41493606567383, -42.717227935791016, -52.77373504638672, -47.724578857421875, -47.24014663696289, -57.770782470703125, -49.02497863769531, -56.89858627319336]
beam
[-47.23182678222656, -54.04525375366211, -54.29832458496094, -41.929656982421875, -47.91925811767578, -48.64901351928711, -49.398956298828125, -49.824100494384766, -46.54755783081055, -57.69931411743164] [-63.10134506225586, -65.71068572998047, -70.97733306884766, -60.38378143310547, -69.11561584472656, -61.53664016723633, -63.9354133605957, -71.38690948486328, -65.45411682128906, -74.90929412841797]
Number:  6
greedy
[-43.9853515625, -52.88311767578125, -53.26764678955078, -52.036590576171875, -47.17658996582031, -52.420631408691406, -48.16208267211914, -49.44843292236328, -56.32633972167969, -56.056907653808594] [-57.03392028808594, -65.48043060302734, -65.66385650634766, -65.83818054199219, -63.2945442199707, -66.06332397460938, -66.1961441040039, -64.38861846923828, -67.80290222167969, -69.82567596435547]
beam
[-31.57778549194336, -38.75837326049805, -42.28159713745117, -37.5963249206543, -38.72066116333008, -39.44881057739258, -40.41326904296875, -35.803306579589844, -45.11906051635742, -41.762386322021484] [-33.94765853881836, -42.102725982666016, -43.41194152832031, -43.21784210205078, -35.28628158569336, -42.2195930480957, -39.41761016845703, -42.65201950073242, -45.66135787963867, -49.112884521484375]
Number:  7
greedy
[-46.28948974609375, -77.6755142211914, -56.89031219482422, -57.85271072387695, -66.74989318847656, -54.5092658996582, -66.83123016357422, -63.73764419555664, -54.895259857177734, -70.27519989013672] [-48.22275161743164, -81.29156494140625, -59.530479431152344, -57.22588348388672, -72.00845336914062, -55.17289352416992, -67.49893951416016, -65.10350036621094, -55.6226692199707, -74.14643859863281]
beam
[-36.51725769042969, -56.95480728149414, -44.272544860839844, -46.428504943847656, -51.15034103393555, -42.71733856201172, -53.11146545410156, -50.361061096191406, -45.03154373168945, -54.60661697387695] [-46.45664978027344, -77.25707244873047, -55.041500091552734, -50.475894927978516, -57.93992233276367, -53.52272415161133, -64.98567199707031, -61.65639114379883, -51.889163970947266, -68.6639404296875]
Number:  8
greedy
[-39.800559997558594, -47.763668060302734, -46.082489013671875, -40.315582275390625, -45.43903350830078, -48.724769592285156, -48.08512496948242, -41.96403121948242, -47.66334533691406, -47.2280387878418] [-40.415706634521484, -48.733890533447266, -46.46119689941406, -39.45913314819336, -43.51695251464844, -47.9882698059082, -47.813720703125, -39.07847595214844, -47.59097671508789, -49.446800231933594]
beam
[-36.703731536865234, -44.37992477416992, -47.336368560791016, -37.02496337890625, -42.01211166381836, -47.0046272277832, -45.29736328125, -39.621673583984375, -41.67638397216797, -41.43807601928711] [-52.464561462402344, -59.149932861328125, -59.391719818115234, -52.30544662475586, -57.991180419921875, -60.6629638671875, -60.274810791015625, -53.71699523925781, -56.10734939575195, -55.33790588378906]
Number:  9
greedy
[-42.39555358886719, -47.61833572387695, -62.996124267578125, -59.359657287597656, -42.78532409667969, -41.6680908203125, -60.293216705322266, -45.046302795410156, -49.45718765258789, -56.100608825683594] [-42.03666305541992, -50.219600677490234, -64.01017761230469, -60.7137336730957, -45.4000129699707, -42.7825813293457, -63.05377197265625, -48.00299835205078, -50.74179458618164, -56.20624923706055]
beam
[-40.75019836425781, -46.56398010253906, -59.926307678222656, -54.73179626464844, -39.418731689453125, -40.40000915527344, -56.632041931152344, -46.44195556640625, -50.17348861694336, -55.962738037109375] [-31.086713790893555, -40.757781982421875, -49.45640563964844, -45.59263610839844, -34.56581115722656, -35.73285675048828, -48.11296081542969, -42.620304107666016, -44.582576751708984, -44.56574249267578]
------------------------------------------------
Test data in: sky
Number:  0
greedy
[-54.50037384033203, -53.06196975708008, -58.046875, -48.95764923095703, -55.7687873840332, -59.25323486328125, -57.43581008911133, -60.262428283691406, -52.07349395751953, -58.70967483520508] [-55.18587875366211, -58.98501968383789, -60.3414306640625, -58.147422790527344, -59.93133544921875, -64.9978256225586, -59.028812408447266, -63.44934844970703, -59.360198974609375, -57.402591705322266]
beam
[-34.47968292236328, -36.880653381347656, -37.84092712402344, -37.25177001953125, -41.69512939453125, -43.84661865234375, -38.986263275146484, -41.92042541503906, -41.90990447998047, -41.513431549072266] [-28.86473274230957, -31.0906982421875, -31.647966384887695, -31.779056549072266, -33.58525848388672, -36.785888671875, -30.958723068237305, -32.90169143676758, -30.54817771911621, -37.2996711730957]
Number:  1
greedy
[-52.34450912475586, -56.2250862121582, -58.210689544677734, -58.51023864746094, -51.00546646118164, -56.31752395629883, -54.20173645019531, -54.306129455566406, -56.379032135009766, -54.196075439453125] [-68.69690704345703, -83.32630157470703, -69.92301940917969, -80.1148910522461, -70.56953430175781, -76.8082046508789, -69.46249389648438, -70.44766235351562, -71.97128295898438, -72.97625732421875]
beam
[-41.48634719848633, -44.311981201171875, -46.61906433105469, -49.83993148803711, -42.583587646484375, -46.93244552612305, -42.42833709716797, -44.099647521972656, -46.385868072509766, -46.10567092895508] [-49.933563232421875, -56.75672149658203, -60.25442123413086, -57.856563568115234, -49.61575698852539, -53.23666000366211, -51.036956787109375, -48.56346893310547, -54.542808532714844, -53.86402130126953]
Number:  2
greedy
[-52.08599853515625, -55.27763748168945, -54.312255859375, -54.757144927978516, -48.59491729736328, -53.570960998535156, -57.894142150878906, -51.8921012878418, -54.28669357299805, -50.08111572265625] [-48.7824592590332, -56.16552734375, -51.343318939208984, -53.54206466674805, -49.63922119140625, -51.777496337890625, -54.69605255126953, -54.643917083740234, -57.150020599365234, -53.87794494628906]
beam
[-45.038936614990234, -53.313175201416016, -46.40952682495117, -47.68839645385742, -44.75835418701172, -47.42168426513672, -51.41441345214844, -46.3258171081543, -55.495601654052734, -50.19646072387695] [-47.464691162109375, -54.89140701293945, -46.552886962890625, -50.910160064697266, -57.25988006591797, -42.04439163208008, -47.78141403198242, -56.03818893432617, -58.26371765136719, -60.02698516845703]
Number:  3
greedy
[-64.79722595214844, -64.38117980957031, -68.02732849121094, -65.93994903564453, -58.79530334472656, -69.25143432617188, -66.07593536376953, -67.20101165771484, -57.535728454589844, -63.90593719482422] [-60.834632873535156, -59.61023712158203, -69.84515380859375, -68.2102279663086, -56.49716567993164, -71.92333984375, -65.92301177978516, -70.12046813964844, -54.28905487060547, -68.27362823486328]
beam
[-40.130126953125, -41.38124465942383, -41.54680633544922, -42.711280822753906, -35.58460235595703, -42.86642837524414, -41.53424835205078, -44.61347579956055, -37.53865051269531, -40.983726501464844] [-60.387638092041016, -56.94083023071289, -72.13084411621094, -67.32839965820312, -55.402862548828125, -72.64718627929688, -71.70460510253906, -67.65382385253906, -57.74978256225586, -64.05365753173828]
Number:  4
greedy
[-52.38520050048828, -52.90116500854492, -55.16961669921875, -54.560176849365234, -54.34130859375, -50.30297088623047, -59.09791564941406, -52.705352783203125, -54.64317321777344, -51.4375114440918] [-52.38520050048828, -52.90116500854492, -55.16961669921875, -54.560176849365234, -54.34130859375, -50.30297088623047, -59.09791564941406, -52.705352783203125, -54.64317321777344, -51.4375114440918]
beam
[-23.64282989501953, -23.79625129699707, -28.66004753112793, -26.11762046813965, -24.209095001220703, -25.6695613861084, -33.548946380615234, -23.651378631591797, -24.25995635986328, -23.92798614501953] [-61.450809478759766, -63.18721008300781, -65.80928802490234, -64.88599395751953, -64.11083221435547, -67.88143157958984, -71.9251708984375, -61.89529037475586, -63.055904388427734, -63.2111930847168]
Number:  5
greedy
[-43.61310958862305, -48.99058532714844, -44.12777328491211, -52.50760269165039, -43.46882247924805, -43.02207946777344, -43.75543975830078, -51.30166244506836, -43.165199279785156, -46.64482498168945] [-44.87420654296875, -51.57268142700195, -46.2544059753418, -53.37222671508789, -44.515289306640625, -45.2540397644043, -45.268184661865234, -53.547584533691406, -45.106624603271484, -44.62687683105469]
beam
[-34.53496551513672, -38.46566390991211, -35.325157165527344, -41.44890213012695, -33.610076904296875, -34.60124969482422, -34.85358810424805, -40.974735260009766, -34.67291259765625, -34.101688385009766] [-38.04160690307617, -45.49291229248047, -39.06503677368164, -47.7813835144043, -38.735652923583984, -38.45027160644531, -38.75834655761719, -49.65631103515625, -38.77931213378906, -39.537837982177734]
Number:  6
greedy
[-50.1796760559082, -45.763282775878906, -50.27281951904297, -47.92851638793945, -48.065582275390625, -44.743690490722656, -50.63612747192383, -52.314537048339844, -49.26640319824219, -48.80923843383789] [-67.34766387939453, -65.65320587158203, -64.92398071289062, -62.45648193359375, -62.276920318603516, -58.608726501464844, -67.85882568359375, -60.350006103515625, -69.33061981201172, -68.24848175048828]
beam
[-50.19461441040039, -56.449954986572266, -50.64274215698242, -50.0358772277832, -54.490577697753906, -44.634307861328125, -50.8284797668457, -50.2574462890625, -55.11323165893555, -60.773353576660156] [-50.38250732421875, -48.4400749206543, -48.9732666015625, -45.62733840942383, -45.49007797241211, -42.90976333618164, -49.38205337524414, -44.640140533447266, -52.489295959472656, -51.39232635498047]
Number:  7
greedy
[-61.7038688659668, -68.10566711425781, -56.60481643676758, -56.66864776611328, -66.01469421386719, -64.0049819946289, -55.40000915527344, -56.61052703857422, -67.06501770019531, -61.452049255371094] [-51.158748626708984, -53.184059143066406, -46.13455581665039, -45.44172668457031, -56.89647674560547, -48.661617279052734, -43.56989288330078, -46.32809829711914, -57.85163879394531, -54.28470230102539]
beam
[-40.31937026977539, -45.51040267944336, -35.54903030395508, -37.019344329833984, -43.11486053466797, -44.1510124206543, -34.425941467285156, -35.46579360961914, -44.38200759887695, -41.05577850341797] [-49.97392654418945, -49.6111946105957, -45.626792907714844, -40.0816535949707, -57.39775848388672, -48.87425994873047, -43.525352478027344, -45.80464553833008, -51.56664276123047, -57.227088928222656]
Number:  8
greedy
[-54.876792907714844, -64.61801147460938, -62.27838897705078, -55.67631149291992, -62.76585006713867, -66.19081115722656, -64.60335540771484, -59.743221282958984, -60.71554946899414, -58.497161865234375] [-50.25853729248047, -58.90495300292969, -56.0892333984375, -58.42194747924805, -53.530723571777344, -59.86600875854492, -59.42768859863281, -55.17781066894531, -56.59022903442383, -53.3621826171875]
beam
[-41.05293273925781, -51.20999526977539, -48.22049331665039, -37.90116882324219, -46.486305236816406, -50.663021087646484, -52.50413131713867, -45.4620475769043, -46.51372528076172, -47.078922271728516] [-7.641764163970947, -18.853519439697266, -18.305343627929688, -16.008819580078125, -14.689094543457031, -19.554805755615234, -18.843008041381836, -15.097565650939941, -17.465784072875977, -14.344847679138184]
Number:  9
greedy
[-52.634971618652344, -49.82261276245117, -50.96207046508789, -63.175777435302734, -54.9735221862793, -54.1721076965332, -52.84420394897461, -52.57550811767578, -50.433326721191406, -52.47138214111328] [-55.08917999267578, -58.001468658447266, -59.738914489746094, -53.16630554199219, -56.5385856628418, -56.603424072265625, -60.50968551635742, -55.37397003173828, -53.39316940307617, -59.82746505737305]
beam
[-56.39542007446289, -62.0389404296875, -60.49251937866211, -60.9191780090332, -59.417728424072266, -59.75185012817383, -58.60114669799805, -59.7918701171875, -53.10122299194336, -58.828617095947266] [-41.26140213012695, -47.077476501464844, -49.379127502441406, -50.68020248413086, -45.081809997558594, -46.171112060546875, -52.07990264892578, -44.1727409362793, -55.31083297729492, -51.38541030883789]
------------------------------------------------
Test data in: bus
Number:  0
greedy
[-25.482563018798828, -35.56543731689453, -28.090984344482422, -31.648229598999023, -34.61301803588867, -33.065879821777344, -31.14027214050293, -41.1506233215332, -30.982160568237305, -32.30012893676758] [-36.31173324584961, -41.334869384765625, -41.59645462036133, -41.08707809448242, -42.90092849731445, -40.45613098144531, -37.50517272949219, -40.24460220336914, -40.29499053955078, -39.907188415527344]
beam
[-32.02437210083008, -36.67500305175781, -35.86686325073242, -34.2374267578125, -38.5234375, -36.607826232910156, -33.20902633666992, -39.03759002685547, -33.734954833984375, -34.154022216796875] [-47.34162902832031, -56.61741256713867, -49.25431823730469, -55.54024887084961, -49.53042984008789, -53.107845306396484, -51.7268180847168, -51.44844436645508, -55.05796432495117, -55.377899169921875]
Number:  1
greedy
[-47.43376159667969, -60.29010772705078, -52.92240524291992, -51.4698486328125, -50.56345748901367, -52.00820541381836, -47.56214141845703, -56.68941879272461, -50.01034164428711, -50.8499870300293] [-47.43376159667969, -60.29010772705078, -52.92240524291992, -51.4698486328125, -50.56345748901367, -52.00820541381836, -47.56214141845703, -56.68941879272461, -50.01034164428711, -50.8499870300293]
beam
[-37.575660705566406, -57.300148010253906, -33.59906768798828, -40.13105392456055, -42.229270935058594, -38.4603157043457, -36.6724967956543, -47.58264923095703, -38.194522857666016, -44.50411605834961] [-45.55533218383789, -58.535274505615234, -52.86327362060547, -47.28351593017578, -50.15498733520508, -52.691192626953125, -45.9212760925293, -49.30604553222656, -49.400264739990234, -49.69800567626953]
Number:  2
greedy
[-39.73326110839844, -54.734840393066406, -50.88267517089844, -44.918601989746094, -51.81382369995117, -48.38129425048828, -50.51456832885742, -51.242034912109375, -57.55012512207031, -49.73139190673828] [-42.394500732421875, -50.914398193359375, -49.516143798828125, -45.717735290527344, -50.41482162475586, -45.39178466796875, -47.865272521972656, -51.110870361328125, -52.11132049560547, -48.34360122680664]
beam
[-28.872093200683594, -37.943782806396484, -35.566497802734375, -33.810333251953125, -41.18280029296875, -40.24678039550781, -38.9022331237793, -37.101627349853516, -39.72348403930664, -36.39383316040039] [-37.71692657470703, -47.2388916015625, -47.4761962890625, -42.54514694213867, -49.014225006103516, -47.302650451660156, -47.18285369873047, -46.417484283447266, -48.65302276611328, -48.322269439697266]
Number:  3
greedy
[-52.183082580566406, -68.7253189086914, -61.285099029541016, -59.51982498168945, -63.51764678955078, -68.93811798095703, -55.99995803833008, -64.98590087890625, -66.28731536865234, -59.833106994628906] [-73.07659912109375, -82.87134552001953, -81.26803588867188, -77.66558837890625, -84.94049835205078, -86.03688049316406, -73.95903778076172, -80.795654296875, -84.8532485961914, -82.61605072021484]
beam
[-44.11349868774414, -60.71913146972656, -52.743736267089844, -51.74184036254883, -55.07487487792969, -60.52299118041992, -49.004432678222656, -56.89202880859375, -57.744590759277344, -50.3804931640625] [-62.564205169677734, -87.6956558227539, -76.46837615966797, -69.47758483886719, -76.13325500488281, -88.314208984375, -69.7591323852539, -79.89910888671875, -81.75233459472656, -71.04866027832031]
Number:  4
greedy
[-28.238582611083984, -28.016155242919922, -29.048704147338867, -27.613231658935547, -41.989505767822266, -38.25053024291992, -28.18130111694336, -27.887290954589844, -27.104663848876953, -37.4648323059082] [-61.82664108276367, -61.56222915649414, -62.74534225463867, -60.922576904296875, -79.80792999267578, -70.96678161621094, -63.78993606567383, -63.22846984863281, -59.108699798583984, -72.49189758300781]
beam
[-36.208736419677734, -33.780128479003906, -36.96136474609375, -34.469844818115234, -63.66520690917969, -51.761539459228516, -38.27322006225586, -36.93549346923828, -35.92377471923828, -49.94075012207031] [-46.0518798828125, -43.513179779052734, -47.667144775390625, -44.630767822265625, -59.84723663330078, -56.42805099487305, -47.445072174072266, -47.390071868896484, -45.922061920166016, -58.377376556396484]
Number:  5
greedy
[-47.158119201660156, -66.23711395263672, -71.39716339111328, -67.09542846679688, -67.0944595336914, -54.028900146484375, -62.155094146728516, -70.18024444580078, -68.67841339111328, -68.92682647705078] [-58.88265609741211, -62.641021728515625, -61.153629302978516, -57.35255813598633, -62.818031311035156, -59.850494384765625, -57.526092529296875, -61.0418701171875, -62.32251739501953, -63.43906784057617]
beam
[-50.3377571105957, -56.15903091430664, -57.20341110229492, -52.655601501464844, -57.62095642089844, -51.70759582519531, -50.85884475708008, -58.695037841796875, -54.66337203979492, -55.109580993652344] [-68.06134796142578, -84.65894317626953, -85.65997314453125, -85.1244888305664, -84.31366729736328, -81.42650604248047, -74.45536041259766, -86.646240234375, -85.09317779541016, -84.09307861328125]
Number:  6
greedy
[-46.76765060424805, -49.03150939941406, -52.34177017211914, -49.64236068725586, -50.200714111328125, -48.5008659362793, -51.37359619140625, -48.64102554321289, -50.92683792114258, -49.820411682128906] [-55.65021896362305, -61.89692687988281, -60.70828628540039, -54.321372985839844, -57.41233444213867, -59.710418701171875, -57.438106536865234, -58.719173431396484, -55.25442886352539, -55.46194076538086]
beam
[-46.22625732421875, -47.552616119384766, -52.55076217651367, -47.69351577758789, -48.67414474487305, -51.125022888183594, -47.10374450683594, -48.30321502685547, -50.234535217285156, -45.51231384277344] [-50.22115707397461, -53.47020721435547, -55.61132049560547, -46.83700180053711, -50.5696907043457, -55.04181671142578, -51.146278381347656, -51.209869384765625, -47.7780647277832, -46.04780960083008]
Number:  7
greedy
[-46.66477584838867, -56.65681838989258, -52.59049606323242, -56.11161804199219, -54.44281005859375, -51.26322555541992, -56.14378356933594, -56.62089538574219, -52.467315673828125, -53.213844299316406] [-37.41032409667969, -48.768001556396484, -45.24485397338867, -46.158241271972656, -45.58444595336914, -40.85683822631836, -46.954139709472656, -49.59999084472656, -46.148746490478516, -42.8694953918457]
beam
[-40.772071838378906, -47.00528335571289, -44.6522216796875, -47.32017517089844, -46.37569046020508, -41.713584899902344, -48.72487258911133, -49.378326416015625, -44.42414474487305, -42.0384521484375] [-42.75423049926758, -58.78830337524414, -55.24773406982422, -57.17612075805664, -55.94267272949219, -50.63597869873047, -57.11708450317383, -59.13612365722656, -57.62056350708008, -52.7294807434082]
Number:  8
greedy
[-51.10673904418945, -59.22679138183594, -59.0203971862793, -56.2940559387207, -56.58883285522461, -55.752830505371094, -57.4675178527832, -58.422813415527344, -58.13577651977539, -58.473052978515625] [-62.49986267089844, -78.83401489257812, -80.70003509521484, -75.86328887939453, -76.27981567382812, -76.70349884033203, -75.90609741210938, -77.65776062011719, -78.02450561523438, -79.51079559326172]
beam
[-28.744707107543945, -37.134071350097656, -37.217227935791016, -35.17552185058594, -35.55266189575195, -34.294464111328125, -36.91713333129883, -36.13291931152344, -36.015140533447266, -36.594818115234375] [-42.53472900390625, -55.05062484741211, -55.04603576660156, -53.179595947265625, -50.106048583984375, -50.79751968383789, -49.093570709228516, -53.472755432128906, -53.7606086730957, -54.79230499267578]
Number:  9
greedy
[-63.18703079223633, -70.24801635742188, -72.79834747314453, -69.8472671508789, -73.62446594238281, -75.74064636230469, -65.98825073242188, -69.89176940917969, -73.89009857177734, -72.89131927490234] [-63.18703079223633, -70.24801635742188, -72.79834747314453, -69.8472671508789, -73.62446594238281, -75.74064636230469, -65.98825073242188, -69.89176940917969, -73.89009857177734, -72.89131927490234]
beam
[-51.16546630859375, -63.25216293334961, -65.11211395263672, -58.227882385253906, -67.75682067871094, -62.914432525634766, -50.70758819580078, -65.41301727294922, -59.370452880859375, -65.78522491455078] [-69.61065673828125, -80.81299591064453, -81.64463806152344, -69.30597686767578, -81.46405792236328, -82.34416961669922, -73.57807159423828, -77.79195404052734, -79.10602569580078, -82.71842956542969]
------------------------------------------------
Test data in: person
Number:  0
greedy
[-51.346744537353516, -56.39389419555664, -63.489864349365234, -65.20325469970703, -66.2897720336914, -61.86391830444336, -54.391780853271484, -59.90748596191406, -54.27961349487305, -54.22959518432617] [-51.346744537353516, -56.39389419555664, -63.489864349365234, -65.20325469970703, -66.2897720336914, -61.86391830444336, -54.391780853271484, -59.90748596191406, -54.27961349487305, -54.22959518432617]
beam
[-39.770957946777344, -50.66912841796875, -49.01249313354492, -54.570777893066406, -57.890411376953125, -47.68920135498047, -49.093650817871094, -47.14664840698242, -44.81531524658203, -46.46063995361328] [-46.979976654052734, -67.16158294677734, -59.09316635131836, -65.13497161865234, -63.96597671508789, -57.59556198120117, -64.39991760253906, -55.08090591430664, -54.64473342895508, -58.46525955200195]
Number:  1
greedy
[-57.488929748535156, -56.5334587097168, -65.85633087158203, -53.31060791015625, -56.30553436279297, -55.1428108215332, -51.988285064697266, -60.82976531982422, -55.19126510620117, -57.64008712768555] [-50.044578552246094, -58.85584259033203, -64.56623077392578, -62.435848236083984, -55.731788635253906, -54.33161544799805, -52.88488006591797, -52.28663635253906, -59.20375061035156, -55.31916046142578]
beam
[-44.33180618286133, -37.728973388671875, -48.36788558959961, -43.365047454833984, -38.66054916381836, -38.074607849121094, -39.26313400268555, -47.01841735839844, -42.30598449707031, -44.599727630615234] [-42.199764251708984, -44.64844512939453, -56.93124771118164, -48.05759048461914, -49.129302978515625, -46.37483215332031, -43.28559494018555, -44.88686752319336, -51.042354583740234, -46.97783279418945]
Number:  2
greedy
[-53.830467224121094, -83.51143646240234, -66.14422607421875, -68.83531951904297, -61.51805877685547, -75.65662384033203, -76.46851348876953, -66.3799057006836, -61.81511306762695, -64.13185119628906] [-44.11029052734375, -78.04792022705078, -60.93620681762695, -66.70757293701172, -60.56464767456055, -65.5024185180664, -71.73016357421875, -52.870033264160156, -63.76739501953125, -66.26990509033203]
beam
[-37.72662353515625, -57.20957565307617, -45.62483596801758, -42.759300231933594, -40.86924743652344, -48.94585037231445, -48.42002487182617, -44.505615234375, -39.86763381958008, -42.234214782714844] [-69.17467498779297, -103.2269515991211, -85.95122528076172, -90.64083862304688, -82.02268981933594, -95.63679504394531, -95.52982330322266, -82.23358917236328, -83.07368469238281, -89.26637268066406]
Number:  3
greedy
[-42.06852722167969, -48.29948425292969, -46.60002517700195, -47.27326202392578, -41.72296905517578, -52.64286804199219, -47.31243896484375, -47.17354965209961, -53.19512176513672, -46.050498962402344] [-46.282413482666016, -54.19581985473633, -49.062744140625, -50.955360412597656, -43.88688278198242, -59.60429763793945, -50.81716537475586, -50.15827560424805, -53.71815490722656, -51.937015533447266]
beam
[-37.487770080566406, -49.22926712036133, -44.35966873168945, -44.449317932128906, -36.79145431518555, -58.222225189208984, -44.74376678466797, -46.10923767089844, -47.324642181396484, -39.88691711425781] [-44.52391815185547, -55.78378677368164, -53.5218391418457, -57.19551086425781, -47.21996307373047, -68.62263488769531, -54.43511199951172, -52.305850982666016, -63.84305191040039, -53.644161224365234]
Number:  4
greedy
[-37.328582763671875, -39.68302917480469, -49.47690200805664, -49.43751525878906, -45.70911407470703, -48.21735382080078, -39.038673400878906, -41.906368255615234, -45.719093322753906, -54.268531799316406] [-35.26618194580078, -40.308345794677734, -53.5709114074707, -51.97814178466797, -46.868438720703125, -52.97772216796875, -35.17692565917969, -43.415306091308594, -48.577430725097656, -55.99877166748047]
beam
[-32.41741943359375, -35.88410186767578, -46.444942474365234, -44.717491149902344, -42.421878814697266, -45.12062072753906, -33.32719802856445, -37.04058074951172, -42.70819091796875, -48.98202133178711] [-44.71611022949219, -47.36875534057617, -57.424278259277344, -58.5738525390625, -55.33292007446289, -59.861995697021484, -44.771263122558594, -51.576900482177734, -53.295326232910156, -61.172698974609375]
Number:  5
greedy
[-41.017051696777344, -48.3483772277832, -43.63468551635742, -40.90779113769531, -52.37063980102539, -47.09075164794922, -47.4791145324707, -47.26103591918945, -45.867645263671875, -41.326602935791016] [-46.48274230957031, -44.77415466308594, -47.43985366821289, -44.29855728149414, -53.65288543701172, -47.658050537109375, -50.78834533691406, -46.56209945678711, -43.49744415283203, -45.61264419555664]
beam
[-38.30097198486328, -46.61277389526367, -42.103797912597656, -37.1047248840332, -52.87137985229492, -46.36601638793945, -46.12282943725586, -45.81807327270508, -44.03452682495117, -39.86524200439453] [-65.46928405761719, -78.66426849365234, -74.9336166381836, -66.14948272705078, -84.92444610595703, -72.45983123779297, -73.7118148803711, -70.06656646728516, -80.00492858886719, -70.5526351928711]
Number:  6
greedy
[-48.97040939331055, -62.212074279785156, -58.36654281616211, -59.978511810302734, -59.98893356323242, -58.577911376953125, -53.8682861328125, -55.80000305175781, -50.67402648925781, -52.467681884765625] [-44.95166015625, -51.43049240112305, -55.51667022705078, -48.49681854248047, -56.954689025878906, -64.91697692871094, -59.90625762939453, -45.70787048339844, -47.43762969970703, -48.87803649902344]
beam
[-40.041385650634766, -45.26889419555664, -48.221805572509766, -40.506103515625, -44.256446838378906, -53.573211669921875, -49.529361724853516, -38.444950103759766, -40.37368392944336, -44.41378402709961] [-22.982955932617188, -32.206878662109375, -29.307893753051758, -27.505842208862305, -29.503202438354492, -29.447614669799805, -27.62116241455078, -25.585407257080078, -24.16036033630371, -25.979034423828125]
Number:  7
greedy
[-50.63237380981445, -58.547508239746094, -58.201988220214844, -54.29409408569336, -54.393592834472656, -55.42467498779297, -58.950218200683594, -53.85515594482422, -58.0223388671875, -56.63541793823242] [-66.98837280273438, -70.46442413330078, -74.60877227783203, -72.51492309570312, -70.54315185546875, -72.71810150146484, -66.33157348632812, -69.14286804199219, -72.27893829345703, -71.9079818725586]
beam
[-43.40409469604492, -48.27532196044922, -49.14091873168945, -42.80263900756836, -48.53412628173828, -45.88253402709961, -47.872352600097656, -44.22038269042969, -50.59536361694336, -49.807350158691406] [-44.85133361816406, -42.26021194458008, -53.73811340332031, -44.025962829589844, -49.72974395751953, -56.31072235107422, -45.713645935058594, -57.48045349121094, -54.04052734375, -59.373233795166016]
Number:  8
greedy
[-62.64225387573242, -64.28727722167969, -62.163780212402344, -64.04821014404297, -66.3921890258789, -66.41307067871094, -61.770050048828125, -59.52519226074219, -62.712989807128906, -62.49782180786133] [-63.334556579589844, -65.32032775878906, -67.26585388183594, -68.86949920654297, -85.33364868164062, -66.04096984863281, -61.91700744628906, -63.68268966674805, -68.28192138671875, -68.80487060546875]
beam
[-40.90915298461914, -34.324642181396484, -34.76957702636719, -42.23473358154297, -42.987083435058594, -45.446990966796875, -38.60980224609375, -36.467533111572266, -39.54587173461914, -37.77351760864258] [-54.99931335449219, -55.587669372558594, -59.505096435546875, -58.572044372558594, -65.31890869140625, -56.08710861206055, -58.738304138183594, -55.26362228393555, -59.59111404418945, -63.831207275390625]
Number:  9
greedy
[-57.07675552368164, -64.87525939941406, -61.28534698486328, -67.78112030029297, -69.82398986816406, -67.3542251586914, -69.79300689697266, -80.31645202636719, -67.24635314941406, -68.43741607666016] [-51.38811492919922, -59.08635330200195, -54.49261474609375, -60.96730041503906, -58.081336975097656, -62.1403694152832, -60.78404998779297, -64.02981567382812, -57.58517074584961, -57.953224182128906]
beam
[-45.16376495361328, -40.28297424316406, -41.40299987792969, -40.83449172973633, -50.15447998046875, -45.40451431274414, -50.89255905151367, -59.60417938232422, -50.01013946533203, -41.481754302978516] [-28.991004943847656, -29.686206817626953, -28.454513549804688, -35.03812026977539, -40.909629821777344, -37.045806884765625, -37.95329666137695, -49.45795822143555, -38.689849853515625, -27.580610275268555]
------------------------------------------------
Test data in: building
Number:  0
greedy
[-55.76129150390625, -64.06259155273438, -53.96969985961914, -57.58982849121094, -55.03586959838867, -52.80471420288086, -56.150821685791016, -56.89125061035156, -52.67089080810547, -53.6901741027832] [-45.17345428466797, -49.03434753417969, -42.0846061706543, -44.82804489135742, -45.12342834472656, -42.93429946899414, -42.93339920043945, -44.691070556640625, -39.675193786621094, -40.07452392578125]
beam
[-43.18388366699219, -46.61329650878906, -41.88346862792969, -42.46916198730469, -39.30842208862305, -41.34413528442383, -42.71440505981445, -41.894283294677734, -39.57355880737305, -41.73095703125] [-53.0020751953125, -55.3002815246582, -50.35822677612305, -53.81255340576172, -51.7801628112793, -51.38339614868164, -53.578025817871094, -50.339378356933594, -46.597816467285156, -52.44142532348633]
Number:  1
greedy
[-53.86481475830078, -55.08472442626953, -58.878501892089844, -54.26317596435547, -53.75273513793945, -55.71436309814453, -52.827178955078125, -55.42464828491211, -53.53468322753906, -55.87615203857422] [-53.86481475830078, -55.08472442626953, -58.878501892089844, -54.26317596435547, -53.75273513793945, -55.71436309814453, -52.827178955078125, -55.42464828491211, -53.53468322753906, -55.87615203857422]
beam
[-47.55935287475586, -54.90153121948242, -57.25410079956055, -51.011348724365234, -53.207454681396484, -49.26041793823242, -44.29149627685547, -49.69620895385742, -49.926700592041016, -48.549434661865234] [-27.03043556213379, -27.391380310058594, -33.056182861328125, -28.137897491455078, -23.07691764831543, -29.146804809570312, -26.54506492614746, -29.508970260620117, -25.41155242919922, -28.241836547851562]
Number:  2
greedy
[-64.75358581542969, -78.25358581542969, -79.72000122070312, -83.58739471435547, -79.020751953125, -76.45137786865234, -81.7442626953125, -83.25914764404297, -83.91368865966797, -75.29193115234375] [-44.54877853393555, -63.665184020996094, -63.28238296508789, -61.848838806152344, -63.058074951171875, -59.01055908203125, -63.330543518066406, -65.30033111572266, -62.974910736083984, -53.78584289550781]
beam
[-45.379207611083984, -57.14095687866211, -57.12337875366211, -55.57672119140625, -57.084537506103516, -55.72682189941406, -55.2623405456543, -58.780155181884766, -55.12836456298828, -54.353843688964844] [-51.2503662109375, -66.38057708740234, -66.29312133789062, -64.39270782470703, -63.453311920166016, -60.477195739746094, -65.67649841308594, -66.19449615478516, -66.06966400146484, -64.3736572265625]
Number:  3
greedy
[-55.88351821899414, -55.24565505981445, -56.95563888549805, -48.78596878051758, -58.02772903442383, -56.37210464477539, -53.39790725708008, -46.86700439453125, -57.109073638916016, -47.81858825683594] [-61.380584716796875, -54.11756134033203, -59.41779708862305, -62.584136962890625, -57.93315887451172, -57.137142181396484, -53.211952209472656, -60.8922004699707, -62.037132263183594, -62.58747863769531]
beam
[-52.02828598022461, -51.796302795410156, -54.14960861206055, -47.06869125366211, -54.858642578125, -53.753719329833984, -52.922874450683594, -43.80533218383789, -50.75592041015625, -45.16615676879883] [-57.68389892578125, -51.28833770751953, -58.12498474121094, -51.18433380126953, -57.65382766723633, -56.995121002197266, -55.62614440917969, -53.216732025146484, -52.66063690185547, -54.08584213256836]
Number:  4
greedy
[-56.72372055053711, -63.0241813659668, -68.62638854980469, -63.36236572265625, -64.66979217529297, -67.46511840820312, -61.223472595214844, -62.27672576904297, -64.39108276367188, -68.27201080322266] [-41.98173522949219, -49.509098052978516, -45.33976745605469, -44.25440979003906, -42.71895217895508, -43.57281494140625, -41.00093460083008, -43.60108184814453, -43.102256774902344, -43.21165084838867]
beam
[-44.95066452026367, -47.243377685546875, -49.27153778076172, -44.74205780029297, -44.8792610168457, -48.094879150390625, -44.35061264038086, -46.57123947143555, -46.36161804199219, -47.8476448059082] [-65.64957427978516, -72.5335922241211, -79.1752700805664, -71.11206817626953, -72.13013458251953, -74.37678527832031, -65.28266906738281, -68.70228576660156, -69.76154327392578, -75.66744232177734]
Number:  5
greedy
[-54.85237121582031, -54.33539581298828, -54.02476501464844, -62.385154724121094, -58.128875732421875, -55.93424987792969, -56.793418884277344, -63.64066696166992, -58.24357604980469, -58.35660171508789] [-57.995052337646484, -57.86327362060547, -57.14618682861328, -62.31501770019531, -61.39834976196289, -56.6417350769043, -58.18476867675781, -62.334693908691406, -59.6452751159668, -59.30714416503906]
beam
[-25.263381958007812, -25.245384216308594, -24.832029342651367, -32.6363525390625, -29.701032638549805, -25.25735092163086, -28.557252883911133, -32.03055191040039, -29.333465576171875, -27.227188110351562] [-49.86647415161133, -48.64662170410156, -48.913761138916016, -52.433677673339844, -51.67558670043945, -52.07599639892578, -49.2353401184082, -56.19050216674805, -52.35830307006836, -53.098934173583984]
Number:  6
greedy
[-48.81612014770508, -68.52964782714844, -61.13228225708008, -50.283939361572266, -55.234130859375, -61.62550354003906, -57.66380310058594, -57.26230239868164, -52.72639465332031, -51.98031997680664] [-75.90308380126953, -91.32493591308594, -84.11231994628906, -77.7093734741211, -79.64349365234375, -84.47026062011719, -85.64827728271484, -81.00942993164062, -81.84168243408203, -79.99980926513672]
beam
[-45.80149459838867, -64.36685180664062, -56.51582336425781, -47.89866256713867, -51.42586135864258, -56.48511505126953, -51.913394927978516, -55.67668151855469, -49.5278434753418, -50.09052276611328] [-55.873226165771484, -81.17681121826172, -65.80845642089844, -57.11119842529297, -61.547645568847656, -71.40071868896484, -63.311588287353516, -64.15223693847656, -60.59532928466797, -60.85695266723633]
Number:  7
greedy
[-55.01443862915039, -54.85987854003906, -52.987525939941406, -52.21782302856445, -50.74409103393555, -57.24885940551758, -51.43703079223633, -54.12955856323242, -55.3586540222168, -56.032711029052734] [-55.01443862915039, -54.85987854003906, -52.987525939941406, -52.21782302856445, -50.74409103393555, -57.24885940551758, -51.43703079223633, -54.12955856323242, -55.3586540222168, -56.032711029052734]
beam
[-40.67609786987305, -40.515647888183594, -42.425010681152344, -39.085758209228516, -38.689273834228516, -43.20500183105469, -39.94538879394531, -41.97893524169922, -41.07276916503906, -41.138980865478516] [-39.08041763305664, -39.49347686767578, -46.20355224609375, -41.68517303466797, -45.77659225463867, -43.79575729370117, -47.25598907470703, -48.086116790771484, -39.25071716308594, -41.56220626831055]
Number:  8
greedy
[-55.67694854736328, -63.40947341918945, -64.73685455322266, -55.20878219604492, -61.87735366821289, -63.71870803833008, -65.69100952148438, -65.60935974121094, -60.83269500732422, -63.98787307739258] [-68.30479431152344, -60.07393264770508, -69.76990509033203, -55.89875030517578, -61.49467849731445, -57.80082702636719, -65.67930603027344, -59.63198471069336, -64.29141235351562, -63.69131851196289]
beam
[-52.1970100402832, -51.709739685058594, -53.3369140625, -45.152923583984375, -48.87321472167969, -52.63593673706055, -51.17206954956055, -56.3504638671875, -51.837921142578125, -49.32911682128906] [-50.418704986572266, -49.09587860107422, -58.172203063964844, -44.458038330078125, -52.09147262573242, -51.29472351074219, -56.087947845458984, -51.484256744384766, -52.873512268066406, -50.40644836425781]
Number:  9
greedy
[-69.44746398925781, -70.49816131591797, -70.35852813720703, -65.40045166015625, -78.12862396240234, -68.33607482910156, -69.01095581054688, -68.05105590820312, -70.138427734375, -72.59715270996094] [-52.56843948364258, -53.01477813720703, -55.05764389038086, -51.84560775756836, -58.69041442871094, -52.81546401977539, -51.21196365356445, -51.48347854614258, -52.627254486083984, -55.99274826049805]
beam
[-46.21625518798828, -47.03548049926758, -48.18244171142578, -43.93577194213867, -52.04254913330078, -46.57430648803711, -45.640872955322266, -45.44648361206055, -47.01788330078125, -48.96331024169922] [-55.21847152709961, -54.66144561767578, -56.302547454833984, -57.354373931884766, -66.71114349365234, -54.514530181884766, -54.750247955322266, -57.06748962402344, -57.110130310058594, -59.533206939697266]
------------------------------------------------
Test data in: tree
Number:  0
greedy
[-55.743595123291016, -55.6108512878418, -55.448246002197266, -60.262428283691406, -56.204742431640625, -58.13557815551758, -52.816768646240234, -67.6023941040039, -56.99451446533203, -55.55760192871094] [-63.47722625732422, -61.857818603515625, -57.847930908203125, -69.40001678466797, -58.65039825439453, -64.32548522949219, -57.98974609375, -78.59711456298828, -64.910888671875, -59.80638122558594]
beam
[-34.834720611572266, -40.24668884277344, -34.24215316772461, -38.18748474121094, -36.24266815185547, -37.29084014892578, -37.50522994995117, -56.087791442871094, -36.39717483520508, -36.134300231933594] [-57.96607971191406, -57.136497497558594, -53.486942291259766, -57.58968734741211, -53.43202209472656, -59.79454803466797, -47.821048736572266, -64.7751235961914, -59.18825149536133, -54.13689422607422]
Number:  1
greedy
[-47.47389221191406, -48.06264114379883, -48.259849548339844, -49.12901306152344, -49.0003662109375, -49.45201873779297, -52.42585754394531, -46.659690856933594, -50.310176849365234, -48.18129348754883] [-53.21809768676758, -53.70824432373047, -53.91422653198242, -54.30838394165039, -53.25804901123047, -55.11479187011719, -53.17779541015625, -53.9505729675293, -55.64286422729492, -52.89122009277344]
beam
[-39.70384979248047, -41.18467330932617, -40.418949127197266, -40.97748947143555, -41.622406005859375, -40.4796142578125, -43.75429153442383, -39.12068557739258, -40.039554595947266, -40.86069869995117] [-48.19687271118164, -49.100433349609375, -47.2296142578125, -48.4734001159668, -48.621612548828125, -48.986568450927734, -51.135498046875, -48.952392578125, -48.20559310913086, -47.52569580078125]
Number:  2
greedy
[-58.33085632324219, -56.26576232910156, -56.15919494628906, -59.12776184082031, -61.39385986328125, -57.16670608520508, -58.520477294921875, -59.25016784667969, -59.54163360595703, -60.74529266357422] [-50.32173156738281, -50.51001739501953, -50.741676330566406, -53.37107849121094, -52.58954620361328, -52.31428146362305, -50.41751480102539, -52.64393997192383, -52.01171112060547, -52.456077575683594]
beam
[-38.44078063964844, -36.89855194091797, -35.96538162231445, -39.694969177246094, -40.251869201660156, -36.6411018371582, -36.978206634521484, -38.92274856567383, -37.986209869384766, -38.75381088256836] [-41.33179473876953, -40.741233825683594, -42.47303009033203, -41.378082275390625, -42.12348175048828, -43.032989501953125, -40.122947692871094, -42.5053596496582, -41.07254409790039, -41.927371978759766]
Number:  3
greedy
[-57.36368179321289, -58.249046325683594, -61.521995544433594, -57.38678741455078, -60.67025375366211, -60.35554885864258, -57.66282653808594, -59.90624237060547, -57.56235122680664, -58.48762130737305] [-57.36368179321289, -58.249046325683594, -61.521995544433594, -57.38678741455078, -60.67025375366211, -60.35554885864258, -57.66282653808594, -59.90624237060547, -57.56235122680664, -58.48762130737305]
beam
[-44.878623962402344, -46.87413024902344, -45.38919448852539, -44.4790153503418, -47.71086120605469, -50.00950241088867, -49.06263732910156, -46.70931625366211, -49.093116760253906, -48.888851165771484] [-61.37224578857422, -63.71236801147461, -60.107566833496094, -61.39664840698242, -61.36656188964844, -62.330684661865234, -61.3598747253418, -60.32193374633789, -62.72464370727539, -61.7470703125]
Number:  4
greedy
[-61.51689529418945, -64.31632995605469, -55.92497634887695, -58.297428131103516, -60.009422302246094, -62.15807342529297, -63.02316665649414, -60.378692626953125, -58.41978454589844, -55.99978256225586] [-73.59234619140625, -78.17874908447266, -65.21194458007812, -69.07023620605469, -73.08951568603516, -76.2259292602539, -78.90438079833984, -75.04666137695312, -69.73546600341797, -68.0883560180664]
beam
[-44.45576095581055, -45.88892364501953, -39.52481460571289, -43.50440979003906, -43.08394241333008, -45.086769104003906, -44.393733978271484, -44.04045104980469, -42.22124099731445, -43.80316925048828] [-71.02816009521484, -67.9572982788086, -60.382564544677734, -65.3265609741211, -65.53135681152344, -67.43511199951172, -70.75638580322266, -66.44480895996094, -67.84046173095703, -66.68254852294922]
Number:  5
greedy
[-51.10839080810547, -52.753318786621094, -50.88837432861328, -48.424739837646484, -53.85298538208008, -50.473907470703125, -46.61346435546875, -49.877105712890625, -50.01726531982422, -52.25764465332031] [-72.82328033447266, -72.15235900878906, -77.81549072265625, -73.78311920166016, -74.41081237792969, -75.12296295166016, -67.23755645751953, -73.26338195800781, -74.60855865478516, -75.40642547607422]
beam
[-48.46065139770508, -49.03207778930664, -51.46723937988281, -48.68341827392578, -51.51994705200195, -52.279293060302734, -48.84867477416992, -49.78085708618164, -50.34736251831055, -51.48948287963867] [-43.26298141479492, -48.56551742553711, -43.1657600402832, -42.64634704589844, -44.52079391479492, -43.50283432006836, -45.58694839477539, -44.12342071533203, -46.500396728515625, -44.15581512451172]
Number:  6
greedy
[-60.330322265625, -59.35543441772461, -66.2900390625, -67.29248809814453, -62.33591842651367, -62.892822265625, -63.458988189697266, -60.5006103515625, -61.68731689453125, -61.87062072753906] [-61.899147033691406, -60.90504837036133, -66.23490142822266, -68.3973617553711, -63.65457534790039, -61.3848762512207, -63.95051193237305, -62.78669738769531, -60.95400619506836, -62.66966247558594]
beam
[-46.816123962402344, -49.13482666015625, -48.29154586791992, -48.469322204589844, -47.73006057739258, -48.495338439941406, -50.09183883666992, -50.583709716796875, -48.979496002197266, -47.28116989135742] [-59.71269989013672, -61.34492111206055, -63.74710464477539, -65.50890350341797, -63.21538162231445, -59.47959899902344, -64.0672836303711, -62.966861724853516, -58.32704544067383, -60.419822692871094]
Number:  7
greedy
[-50.70875930786133, -49.51621627807617, -53.156158447265625, -52.27617263793945, -49.43358612060547, -53.57258224487305, -51.150421142578125, -51.69806671142578, -53.73147964477539, -50.3692626953125] [-47.558815002441406, -48.921653747558594, -45.3483772277832, -48.6630859375, -44.23609924316406, -44.28544616699219, -45.73727798461914, -48.61995315551758, -49.965965270996094, -43.18657302856445]
beam
[-43.95938491821289, -47.47288131713867, -51.57183074951172, -52.813655853271484, -47.81297302246094, -50.000057220458984, -48.875213623046875, -49.47081756591797, -50.2149543762207, -46.61083221435547] [-83.53260040283203, -91.35350799560547, -91.07154083251953, -93.56522369384766, -88.38993072509766, -88.75755310058594, -87.11552429199219, -91.19783020019531, -89.09672546386719, -88.31771087646484]
Number:  8
greedy
[-54.33686828613281, -59.2313346862793, -52.15977096557617, -57.48402404785156, -54.230384826660156, -56.027034759521484, -55.96858215332031, -57.63682174682617, -54.32626724243164, -57.85358810424805] [-50.752262115478516, -61.45447540283203, -51.72861099243164, -57.66542434692383, -50.598873138427734, -55.8264274597168, -52.46855545043945, -56.10986328125, -53.24186706542969, -58.60548400878906]
beam
[-27.072696685791016, -32.17568588256836, -26.758310317993164, -33.318084716796875, -27.752899169921875, -27.741008758544922, -28.387439727783203, -31.545698165893555, -27.445980072021484, -33.884769439697266] [-49.03745651245117, -52.73196792602539, -47.00061798095703, -55.741241455078125, -52.51077651977539, -51.33897399902344, -50.480873107910156, -52.01242446899414, -51.0804443359375, -54.53943634033203]
Number:  9
greedy
[-43.21137237548828, -45.30409240722656, -43.38761520385742, -44.622676849365234, -43.677425384521484, -45.183311462402344, -45.30364227294922, -44.27484130859375, -45.94379806518555, -44.44504928588867] [-43.21137237548828, -45.30409240722656, -43.38761520385742, -44.622676849365234, -43.677425384521484, -45.183311462402344, -45.30364227294922, -44.27484130859375, -45.94379806518555, -44.44504928588867]
beam
[-43.21137237548828, -45.30409240722656, -43.38761520385742, -44.622676849365234, -43.677425384521484, -45.183311462402344, -45.30364227294922, -44.27484130859375, -45.94379806518555, -44.44504928588867] [-46.81191635131836, -52.9268913269043, -48.255271911621094, -47.35618591308594, -52.84165954589844, -62.79587936401367, -52.9031867980957, -48.813133239746094, -52.00071716308594, -48.09914016723633]
------------------------------------------------
Test data in: woman
Number:  0
greedy
[-49.031097412109375, -58.97489547729492, -53.927547454833984, -53.020721435546875, -50.64491653442383, -49.53168487548828, -53.85565185546875, -51.01872634887695, -49.9498291015625, -52.53902816772461] [-58.31379318237305, -64.53412628173828, -60.18100357055664, -58.23637390136719, -55.763912200927734, -67.91019439697266, -75.71723937988281, -62.31161880493164, -63.475341796875, -62.67924499511719]
beam
[-31.407094955444336, -45.00608444213867, -36.24964141845703, -39.895050048828125, -38.27537536621094, -37.02600860595703, -39.6607666015625, -38.1566047668457, -38.83732223510742, -45.72749710083008] [-42.72090530395508, -49.925174713134766, -43.17327117919922, -44.03136444091797, -41.636409759521484, -43.37139129638672, -46.96620559692383, -44.354530334472656, -42.29490661621094, -46.9368896484375]
Number:  1
greedy
[-54.57217788696289, -51.180381774902344, -53.820980072021484, -54.51905059814453, -66.71236419677734, -52.07338333129883, -49.741180419921875, -54.32679748535156, -54.84163284301758, -61.372650146484375] [-55.10633850097656, -52.89220428466797, -55.01384353637695, -57.40278625488281, -63.193424224853516, -51.51670837402344, -48.45161056518555, -49.18124771118164, -55.18583679199219, -61.06214904785156]
beam
[-43.07645797729492, -40.43080139160156, -45.15980911254883, -47.02803421020508, -44.0974006652832, -44.86054611206055, -37.58726501464844, -37.70601272583008, -42.06979751586914, -47.691890716552734] [-48.13161087036133, -44.17462921142578, -47.41990661621094, -48.263423919677734, -52.90177917480469, -42.662513732910156, -41.1046257019043, -45.57627487182617, -46.79920959472656, -51.63566970825195]
Number:  2
greedy
[-51.8068962097168, -48.845741271972656, -58.5561637878418, -56.8621826171875, -51.568016052246094, -54.02308654785156, -48.642452239990234, -48.83507537841797, -52.705810546875, -54.425872802734375] [-46.84210205078125, -43.2967643737793, -51.20888900756836, -50.933921813964844, -46.364383697509766, -50.677024841308594, -44.257896423339844, -50.389591217041016, -45.343509674072266, -49.19183349609375]
beam
[-42.75505828857422, -38.58068084716797, -45.649993896484375, -50.53767013549805, -40.45375061035156, -47.417083740234375, -39.56902313232422, -45.91244888305664, -44.17496871948242, -46.506717681884766] [-25.9020938873291, -24.47740936279297, -30.321224212646484, -33.838966369628906, -25.722211837768555, -31.39134407043457, -24.448225021362305, -31.389307022094727, -29.18896484375, -32.01054763793945]
Number:  3
greedy
[-37.2088623046875, -49.26637649536133, -49.62895584106445, -47.06412124633789, -48.6602668762207, -50.402259826660156, -45.11591720581055, -45.17379379272461, -47.545101165771484, -49.59730529785156] [-48.96458435058594, -66.29625701904297, -65.61344146728516, -58.90744400024414, -63.56022644042969, -63.16572952270508, -59.01931381225586, -56.24281692504883, -65.69763946533203, -66.12167358398438]
beam
[-31.998416900634766, -47.045528411865234, -50.136085510253906, -41.17102813720703, -46.54710006713867, -49.721614837646484, -40.907859802246094, -39.05476760864258, -49.51652526855469, -46.67024612426758] [-43.54555130004883, -59.272682189941406, -62.0560417175293, -50.8308219909668, -58.125701904296875, -61.92862319946289, -55.206298828125, -51.33810043334961, -62.73295593261719, -60.572818756103516]
Number:  4
greedy
[-35.63736343383789, -51.13499450683594, -43.66798400878906, -43.64533996582031, -42.42438888549805, -43.58818435668945, -47.8202018737793, -47.14891815185547, -47.35128402709961, -48.171207427978516] [-35.24514389038086, -49.006874084472656, -41.666343688964844, -42.61083984375, -42.08229064941406, -42.779666900634766, -46.52389144897461, -46.46112060546875, -45.99114990234375, -48.11436080932617]
beam
[-30.83696746826172, -46.991722106933594, -38.89715576171875, -40.80833053588867, -36.90853500366211, -38.913917541503906, -45.779605865478516, -43.351661682128906, -41.4568977355957, -45.181575775146484] [-11.100042343139648, -10.666248321533203, -10.31672191619873, -11.14951229095459, -10.370099067687988, -9.457666397094727, -9.94679069519043, -9.286151885986328, -9.866117477416992, -9.392766952514648]
Number:  5
greedy
[-36.4842414855957, -54.81177520751953, -40.85422897338867, -52.42281723022461, -39.96084976196289, -53.145057678222656, -44.75690841674805, -45.98599624633789, -43.838130950927734, -46.5045166015625] [-41.90224838256836, -61.240928649902344, -45.57010269165039, -55.344173431396484, -42.88538360595703, -59.26899337768555, -47.976707458496094, -50.366519927978516, -47.44770431518555, -50.79264831542969]
beam
[-40.815025329589844, -42.058738708496094, -41.740718841552734, -45.72256851196289, -36.9124641418457, -43.039344787597656, -50.44788360595703, -45.74092483520508, -40.02867126464844, -42.927677154541016] [-47.5428581237793, -48.010677337646484, -49.2032585144043, -61.819854736328125, -50.76237106323242, -48.13733673095703, -62.99117660522461, -51.726280212402344, -53.38380432128906, -53.23680877685547]
Number:  6
greedy
[-44.931060791015625, -51.11509323120117, -54.67204284667969, -49.4929084777832, -55.737022399902344, -54.83515930175781, -50.58098602294922, -56.893314361572266, -54.77155303955078, -43.56014633178711] [-48.295345306396484, -53.71893310546875, -57.51877212524414, -58.014427185058594, -65.5142593383789, -60.69340896606445, -52.057716369628906, -61.62272644042969, -59.50917434692383, -48.0870475769043]
beam
[-42.96559143066406, -52.22630310058594, -49.78176498413086, -50.30967330932617, -51.149410247802734, -49.563865661621094, -47.86271286010742, -52.719058990478516, -52.325016021728516, -41.74114227294922] [-30.898115158081055, -35.549339294433594, -32.330894470214844, -39.48013687133789, -36.359859466552734, -33.093666076660156, -32.4948616027832, -37.171234130859375, -36.072872161865234, -28.882795333862305]
Number:  7
greedy
[-47.99662399291992, -47.068702697753906, -53.90439987182617, -47.18337631225586, -50.94386672973633, -48.49738693237305, -46.00475311279297, -43.52943801879883, -44.96156692504883, -43.42326354980469] [-46.418312072753906, -46.645606994628906, -54.51529312133789, -46.55168914794922, -49.83547592163086, -45.6871337890625, -44.78339767456055, -43.931392669677734, -44.46506881713867, -44.386627197265625]
beam
[-38.324275970458984, -36.96800994873047, -41.325408935546875, -33.42064666748047, -37.941162109375, -41.25273132324219, -40.13286590576172, -38.305076599121094, -39.79371643066406, -40.17167663574219] [-45.65742492675781, -42.36326217651367, -52.38051986694336, -44.74995803833008, -45.00590896606445, -54.05851364135742, -46.83427429199219, -50.49480056762695, -50.724605560302734, -59.99264144897461]
Number:  8
greedy
[-56.763023376464844, -51.69089126586914, -49.876426696777344, -54.2252197265625, -54.726009368896484, -49.495384216308594, -58.65962219238281, -58.627357482910156, -57.588096618652344, -51.371337890625] [-56.763023376464844, -51.69089126586914, -49.876426696777344, -54.2252197265625, -54.726009368896484, -49.495384216308594, -58.65962219238281, -58.627357482910156, -57.588096618652344, -51.371337890625]
beam
[-44.77976608276367, -49.50801086425781, -50.07819366455078, -46.05236053466797, -41.59611129760742, -46.28445816040039, -47.70269775390625, -49.083309173583984, -45.56550979614258, -52.17334747314453] [-51.362850189208984, -57.71442413330078, -56.2608642578125, -53.840328216552734, -50.10621643066406, -54.59842300415039, -55.899417877197266, -56.602806091308594, -53.07697677612305, -58.62908172607422]
Number:  9
greedy
[-54.32990646362305, -58.91075134277344, -56.42626953125, -61.35967254638672, -56.253089904785156, -62.8492546081543, -55.31254196166992, -61.25871658325195, -56.74369430541992, -56.20591354370117] [-35.76901626586914, -44.12922668457031, -46.95347213745117, -39.75887680053711, -49.62068557739258, -39.91148376464844, -51.2764892578125, -42.19525909423828, -43.14999008178711, -46.90310287475586]
beam
[-34.07807159423828, -46.466766357421875, -39.321102142333984, -37.803306579589844, -41.127845764160156, -34.329044342041016, -39.41441345214844, -32.34505844116211, -41.87964630126953, -40.925025939941406] [-37.583499908447266, -43.838253021240234, -47.47651672363281, -40.03348159790039, -47.96194839477539, -39.52998352050781, -51.15564727783203, -39.61982345581055, -47.77450942993164, -49.57058334350586]
++++++++++++++++++++++++++++++++++++++++++++++++++++++++++++++++++++++++++++++
---------- greedy ------------
S0 accuracy greedy:  43
S1 accuracy greedy:  44
S1 higher greedy:  36
---------- beam ------------
S0 accuracy beam:  38
S1 accuracy beam:  49
S1 higher beam:  27
